0, 0, Header, 1, 2, 360
1, 0, Start_track
1, 0, Title_t, "untitled"
1, 0, Time_signature, 4, 2, 24, 8
1, 0, Key_signature, 1, "major"
1, 0, Tempo, 1200000
1, 20880, Tempo, 1200000
1, 20922, Tempo, 1218522
1, 20964, Tempo, 1237879
1, 21007, Tempo, 1257598
1, 21049, Tempo, 1277955
1, 21091, Tempo, 1299264
1, 21133, Tempo, 1321004
1, 21176, Tempo, 1343484
1, 21218, Tempo, 1367054
1, 21260, Tempo, 1391143
1, 21302, Tempo, 1416096
1, 21344, Tempo, 1442308
1, 21386, Tempo, 1469148
1, 21429, Tempo, 1497006
1, 21471, Tempo, 1525941
1, 21513, Tempo, 1556420
1, 21555, Tempo, 1587722
1, 21599, Tempo, 1621622
1, 23040, Tempo, 1200000
1, 28800, Tempo, 1200000
1, 28908, Tempo, 1218522
1, 29017, Tempo, 1237624
1, 29125, Tempo, 1257598
1, 29233, Tempo, 1277955
1, 29342, Tempo, 1298982
1, 29450, Tempo, 1320713
1, 29558, Tempo, 1343484
1, 29666, Tempo, 1366743
1, 29775, Tempo, 1390821
1, 29883, Tempo, 1415762
1, 29991, Tempo, 1441961
1, 30099, Tempo, 1468788
1, 30316, Tempo, 1525553
1, 30424, Tempo, 1556017
1, 30533, Tempo, 1587302
1, 30647, Tempo, 1621622
1, 31680, Time_signature, 2, 2, 24, 8
1, 31680, Key_signature, 0, "major"
1, 31680, Tempo, 600000
1, 43200, Time_signature, 4, 2, 24, 8
1, 47520, Time_signature, 2, 2, 24, 8
1, 56070, Tempo, 5000000
1, 56160, Time_signature, 6, 3, 12, 8
1, 56160, Key_signature, -5, "major"
1, 56160, Tempo, 600000
1, 83160, Tempo, 500000
1, 83202, Tempo, 507442
1, 83244, Tempo, 515110
1, 83287, Tempo, 522967
1, 83329, Tempo, 531114
1, 83371, Tempo, 539520
1, 83413, Tempo, 548196
1, 83456, Tempo, 557103
1, 83498, Tempo, 566358
1, 83540, Tempo, 575926
1, 83582, Tempo, 585823
1, 83624, Tempo, 596066
1, 83666, Tempo, 606612
1, 83709, Tempo, 617602
1, 83751, Tempo, 628997
1, 83793, Tempo, 640820
1, 83835, Tempo, 653026
1, 83880, Tempo, 666667
1, 84060, Tempo, 666667
1, 84083, Tempo, 677507
1, 84105, Tempo, 688626
1, 84128, Tempo, 700198
1, 84150, Tempo, 712166
1, 84173, Tempo, 724550
1, 84195, Tempo, 737282
1, 84218, Tempo, 750563
1, 84240, Tempo, 764331
1, 84263, Tempo, 778614
1, 84285, Tempo, 793336
1, 84308, Tempo, 808734
1, 84330, Tempo, 824742
1, 84353, Tempo, 841397
1, 84375, Tempo, 858615
1, 84398, Tempo, 876680
1, 84420, Tempo, 895522
1, 84443, Tempo, 924784
1, 84465, Tempo, 956175
1, 84488, Tempo, 989609
1, 84510, Tempo, 1025641
1, 84533, Tempo, 1064207
1, 84555, Tempo, 1105991
1, 84578, Tempo, 1150969
1, 84600, Tempo, 1200000
1, 84780, Tempo, 1200000
1, 84803, Tempo, 1240182
1, 84825, Tempo, 1283422
1, 84848, Tempo, 1329493
1, 84870, Tempo, 1379310
1, 84893, Tempo, 1432665
1, 84915, Tempo, 1490683
1, 84938, Tempo, 1553197
1, 84960, Tempo, 1621622
1, 85320, Time_signature, 4, 2, 24, 8
1, 85320, Tempo, 1200000
1, 91080, Tempo, 1200000
1, 91152, Tempo, 1218274
1, 91224, Tempo, 1237113
1, 91295, Tempo, 1256808
1, 91367, Tempo, 1276867
1, 91439, Tempo, 1297578
1, 91511, Tempo, 1318971
1, 91582, Tempo, 1341082
1, 91654, Tempo, 1363946
1, 91725, Tempo, 1387925
1, 91797, Tempo, 1412429
1, 91869, Tempo, 1437815
1, 91941, Tempo, 1464129
1, 92012, Tempo, 1491424
1, 92084, Tempo, 1519757
1, 92156, Tempo, 1549587
1, 92228, Tempo, 1580195
1, 92321, Tempo, 1621622
1, 92520, Time_signature, 3, 2, 24, 8
1, 92520, Tempo, 400000
1, 100080, Tempo, 400000
1, 100131, Tempo, 406036
1, 100181, Tempo, 412286
1, 100232, Tempo, 418731
1, 100283, Tempo, 425351
1, 100333, Tempo, 432214
1, 100384, Tempo, 439271
1, 100434, Tempo, 446595
1, 100485, Tempo, 454133
1, 100536, Tempo, 461965
1, 100586, Tempo, 470035
1, 100637, Tempo, 478431
1, 100688, Tempo, 487092
1, 100738, Tempo, 496114
1, 100789, Tempo, 505433
1, 100839, Tempo, 515154
1, 100890, Tempo, 525210
1, 100941, Tempo, 535714
1, 101160, Time_signature, 2, 2, 24, 8
1, 101160, Tempo, 600000
1, 108360, Tempo, 600000
1, 108391, Tempo, 608704
1, 108422, Tempo, 617665
1, 108453, Tempo, 626959
1, 108484, Tempo, 636470
1, 108515, Tempo, 646273
1, 108546, Tempo, 656383
1, 108577, Tempo, 666889
1, 108608, Tempo, 677660
1, 108639, Tempo, 688784
1, 108669, Tempo, 700280
1, 108701, Tempo, 712251
1, 108731, Tempo, 724550
1, 108762, Tempo, 737282
1, 108793, Tempo, 750469
1, 108824, Tempo, 764137
1, 108855, Tempo, 778412
1, 108900, Tempo, 800000
1, 109080, Time_signature, 4, 2, 24, 8
1, 109080, Tempo, 1200000
1, 117630, Tempo, 5000000
1, 117720, Tempo, 1200000
1, 117720, End_track
2, 0, Start_track
2, 0, Title_t, "Piano"
2, 0, Program_c, 0, 0
2, 0, Control_c, 0, 7, 110
2, 0, Control_c, 0, 10, 64
2, 0, Control_c, 0, 91, 60
2, 0, Control_c, 0, 121, 0
2, 0, Control_c, 0, 121, 0
2, 0, Control_c, 0, 91, 60
2, 0, Control_c, 0, 10, 51
2, 0, Control_c, 0, 7, 100
2, 0, Note_on_c, 0, 76, 59
2, 0, Note_on_c, 0, 79, 59
2, 0, Note_on_c, 0, 40, 58
2, 0, Note_on_c, 0, 47, 58
2, 360, Note_on_c, 0, 47, 0
2, 360, Note_on_c, 0, 40, 0
2, 360, Note_on_c, 0, 52, 77
2, 360, Note_on_c, 0, 59, 77
2, 990, Note_on_c, 0, 79, 0
2, 990, Note_on_c, 0, 76, 0
2, 990, Note_on_c, 0, 78, 61
2, 1080, Note_on_c, 0, 78, 0
2, 1080, Note_on_c, 0, 52, 0
2, 1080, Note_on_c, 0, 59, 0
2, 1080, Note_on_c, 0, 75, 62
2, 1080, Note_on_c, 0, 78, 62
2, 1080, Note_on_c, 0, 35, 55
2, 1080, Note_on_c, 0, 47, 55
2, 1440, Note_on_c, 0, 47, 0
2, 1440, Note_on_c, 0, 75, 0
2, 1440, Note_on_c, 0, 78, 0
2, 1440, Note_on_c, 0, 35, 0
2, 1440, Note_on_c, 0, 72, 59
2, 1440, Note_on_c, 0, 76, 59
2, 1440, Note_on_c, 0, 36, 63
2, 1440, Note_on_c, 0, 43, 63
2, 1800, Note_on_c, 0, 43, 0
2, 1800, Note_on_c, 0, 36, 0
2, 1800, Note_on_c, 0, 48, 74
2, 1800, Note_on_c, 0, 55, 74
2, 2430, Note_on_c, 0, 76, 0
2, 2430, Note_on_c, 0, 72, 0
2, 2430, Note_on_c, 0, 75, 61
2, 2520, Note_on_c, 0, 75, 0
2, 2520, Note_on_c, 0, 48, 0
2, 2520, Note_on_c, 0, 55, 0
2, 2520, Note_on_c, 0, 71, 66
2, 2520, Note_on_c, 0, 75, 66
2, 2520, Note_on_c, 0, 31, 56
2, 2520, Note_on_c, 0, 43, 56
2, 2880, Note_on_c, 0, 43, 0
2, 2880, Note_on_c, 0, 71, 0
2, 2880, Note_on_c, 0, 75, 0
2, 2880, Note_on_c, 0, 31, 0
2, 2880, Note_on_c, 0, 72, 76
2, 2880, Note_on_c, 0, 33, 66
2, 2880, Note_on_c, 0, 45, 66
2, 3150, Note_on_c, 0, 78, 59
2, 3240, Note_on_c, 0, 78, 0
2, 3240, Note_on_c, 0, 72, 0
2, 3240, Note_on_c, 0, 33, 0
2, 3240, Note_on_c, 0, 45, 0
2, 3240, Note_on_c, 0, 79, 68
2, 3240, Note_on_c, 0, 76, 91
2, 3240, Note_on_c, 0, 30, 62
2, 3240, Note_on_c, 0, 42, 62
2, 3510, Note_on_c, 0, 76, 0
2, 3510, Note_on_c, 0, 79, 0
2, 3510, Note_on_c, 0, 81, 73
2, 3510, Note_on_c, 0, 78, 89
2, 3600, Note_on_c, 0, 78, 0
2, 3600, Note_on_c, 0, 42, 0
2, 3600, Note_on_c, 0, 30, 0
2, 3600, Note_on_c, 0, 81, 0
2, 3600, Note_on_c, 0, 76, 61
2, 3600, Note_on_c, 0, 79, 61
2, 3600, Note_on_c, 0, 35, 67
2, 3600, Note_on_c, 0, 47, 67
2, 3870, Note_on_c, 0, 79, 0
2, 3870, Note_on_c, 0, 76, 0
2, 3870, Note_on_c, 0, 75, 60
2, 3870, Note_on_c, 0, 78, 60
2, 3960, Note_on_c, 0, 78, 0
2, 3960, Note_on_c, 0, 47, 0
2, 3960, Note_on_c, 0, 35, 0
2, 3960, Note_on_c, 0, 75, 0
2, 3960, Note_on_c, 0, 73, 59
2, 3960, Note_on_c, 0, 76, 59
2, 3960, Note_on_c, 0, 47, 76
2, 3960, Note_on_c, 0, 57, 76
2, 4230, Note_on_c, 0, 76, 0
2, 4230, Note_on_c, 0, 73, 0
2, 4230, Note_on_c, 0, 75, 64
2, 4230, Note_on_c, 0, 78, 64
2, 4320, Note_on_c, 0, 78, 0
2, 4320, Note_on_c, 0, 57, 0
2, 4320, Note_on_c, 0, 47, 0
2, 4320, Note_on_c, 0, 75, 0
2, 4320, Note_on_c, 0, 76, 61
2, 4320, Note_on_c, 0, 52, 62
2, 4320, Note_on_c, 0, 55, 62
2, 4680, Note_on_c, 0, 55, 0
2, 4680, Note_on_c, 0, 52, 0
2, 4680, Note_on_c, 0, 47, 60
2, 5040, Note_on_c, 0, 47, 0
2, 5040, Note_on_c, 0, 40, 64
2, 5220, Note_on_c, 0, 76, 0
2, 5400, Note_on_c, 0, 40, 0
2, 5760, Note_on_c, 0, 76, 62
2, 5760, Note_on_c, 0, 79, 62
2, 5760, Note_on_c, 0, 40, 57
2, 5760, Note_on_c, 0, 47, 57
2, 6120, Note_on_c, 0, 47, 0
2, 6120, Note_on_c, 0, 40, 0
2, 6120, Note_on_c, 0, 59, 72
2, 6480, Note_on_c, 0, 59, 0
2, 6480, Note_on_c, 0, 60, 72
2, 6750, Note_on_c, 0, 79, 0
2, 6750, Note_on_c, 0, 76, 0
2, 6750, Note_on_c, 0, 78, 62
2, 6840, Note_on_c, 0, 78, 0
2, 6840, Note_on_c, 0, 60, 0
2, 6840, Note_on_c, 0, 74, 72
2, 6840, Note_on_c, 0, 78, 72
2, 6840, Note_on_c, 0, 69, 80
2, 7200, Note_on_c, 0, 69, 0
2, 7200, Note_on_c, 0, 78, 0
2, 7200, Note_on_c, 0, 74, 0
2, 7200, Note_on_c, 0, 72, 60
2, 7200, Note_on_c, 0, 76, 60
2, 7200, Note_on_c, 0, 52, 62
2, 7200, Note_on_c, 0, 60, 62
2, 7200, Note_on_c, 0, 67, 62
2, 7560, Note_on_c, 0, 67, 0
2, 7560, Note_on_c, 0, 52, 0
2, 7560, Note_on_c, 0, 60, 0
2, 7560, Note_on_c, 0, 48, 56
2, 7560, Note_on_c, 0, 55, 56
2, 7920, Note_on_c, 0, 55, 0
2, 7920, Note_on_c, 0, 48, 0
2, 7920, Note_on_c, 0, 56, 67
2, 8190, Note_on_c, 0, 76, 0
2, 8190, Note_on_c, 0, 72, 0
2, 8190, Note_on_c, 0, 71, 62
2, 8190, Note_on_c, 0, 74, 62
2, 8280, Note_on_c, 0, 74, 0
2, 8280, Note_on_c, 0, 71, 0
2, 8280, Note_on_c, 0, 56, 0
2, 8280, Note_on_c, 0, 71, 65
2, 8280, Note_on_c, 0, 74, 65
2, 8280, Note_on_c, 0, 65, 84
2, 8640, Note_on_c, 0, 65, 0
2, 8640, Note_on_c, 0, 74, 0
2, 8640, Note_on_c, 0, 71, 0
2, 8640, Note_on_c, 0, 69, 66
2, 8640, Note_on_c, 0, 72, 66
2, 8640, Note_on_c, 0, 48, 67
2, 8640, Note_on_c, 0, 57, 67
2, 8640, Note_on_c, 0, 64, 67
2, 8820, Note_on_c, 0, 72, 0
2, 8820, Note_on_c, 0, 69, 0
2, 8820, Note_on_c, 0, 76, 70
2, 9000, Note_on_c, 0, 76, 0
2, 9000, Note_on_c, 0, 64, 0
2, 9000, Note_on_c, 0, 48, 0
2, 9000, Note_on_c, 0, 57, 0
2, 9000, Note_on_c, 0, 81, 73
2, 9000, Note_on_c, 0, 48, 61
2, 9000, Note_on_c, 0, 55, 61
2, 9000, Note_on_c, 0, 63, 61
2, 9180, Note_on_c, 0, 81, 0
2, 9180, Note_on_c, 0, 84, 73
2, 9360, Note_on_c, 0, 84, 0
2, 9360, Note_on_c, 0, 63, 0
2, 9360, Note_on_c, 0, 55, 0
2, 9360, Note_on_c, 0, 48, 0
2, 9360, Note_on_c, 0, 54, 61
2, 9360, Note_on_c, 0, 62, 61
2, 9386, Note_on_c, 0, 83, 64
2, 9405, Note_on_c, 0, 83, 0
2, 9411, Note_on_c, 0, 84, 57
2, 9431, Note_on_c, 0, 84, 0
2, 9435, Note_on_c, 0, 83, 62
2, 9453, Note_on_c, 0, 83, 0
2, 9459, Note_on_c, 0, 84, 59
2, 9477, Note_on_c, 0, 84, 0
2, 9481, Note_on_c, 0, 83, 49
2, 9498, Note_on_c, 0, 83, 0
2, 9504, Note_on_c, 0, 84, 59
2, 9521, Note_on_c, 0, 84, 0
2, 9526, Note_on_c, 0, 83, 63
2, 9543, Note_on_c, 0, 83, 0
2, 9547, Note_on_c, 0, 84, 54
2, 9564, Note_on_c, 0, 84, 0
2, 9568, Note_on_c, 0, 83, 70
2, 9585, Note_on_c, 0, 83, 0
2, 9589, Note_on_c, 0, 84, 59
2, 9606, Note_on_c, 0, 84, 0
2, 9612, Note_on_c, 0, 83, 66
2, 9629, Note_on_c, 0, 83, 0
2, 9634, Note_on_c, 0, 84, 56
2, 9651, Note_on_c, 0, 84, 0
2, 9657, Note_on_c, 0, 83, 61
2, 9674, Note_on_c, 0, 83, 0
2, 9681, Note_on_c, 0, 84, 51
2, 9699, Note_on_c, 0, 84, 0
2, 9705, Note_on_c, 0, 83, 67
2, 9720, Note_on_c, 0, 62, 0
2, 9720, Note_on_c, 0, 54, 0
2, 9720, Note_on_c, 0, 81, 59
2, 9720, Note_on_c, 0, 48, 56
2, 9723, Note_on_c, 0, 83, 0
2, 10080, Note_on_c, 0, 48, 0
2, 10080, Note_on_c, 0, 81, 0
2, 10080, Note_on_c, 0, 79, 65
2, 10080, Note_on_c, 0, 47, 79
2, 10080, Note_on_c, 0, 55, 79
2, 10080, Note_on_c, 0, 62, 79
2, 10440, Note_on_c, 0, 62, 0
2, 10440, Note_on_c, 0, 79, 0
2, 10440, Note_on_c, 0, 47, 0
2, 10440, Note_on_c, 0, 55, 0
2, 10440, Note_on_c, 0, 81, 66
2, 10440, Note_on_c, 0, 45, 64
2, 10440, Note_on_c, 0, 52, 64
2, 10440, Note_on_c, 0, 55, 64
2, 10440, Note_on_c, 0, 61, 64
2, 10530, Note_on_c, 0, 81, 0
2, 10530, Note_on_c, 0, 79, 63
2, 10620, Note_on_c, 0, 79, 0
2, 10620, Note_on_c, 0, 78, 57
2, 10710, Note_on_c, 0, 78, 0
2, 10710, Note_on_c, 0, 76, 56
2, 10800, Note_on_c, 0, 76, 0
2, 10800, Note_on_c, 0, 61, 0
2, 10800, Note_on_c, 0, 45, 0
2, 10800, Note_on_c, 0, 52, 0
2, 10800, Note_on_c, 0, 55, 0
2, 10800, Note_on_c, 0, 78, 64
2, 10800, Note_on_c, 0, 50, 66
2, 10800, Note_on_c, 0, 54, 66
2, 10800, Note_on_c, 0, 57, 66
2, 10800, Note_on_c, 0, 62, 66
2, 11070, Note_on_c, 0, 62, 0
2, 11070, Note_on_c, 0, 54, 0
2, 11070, Note_on_c, 0, 57, 0
2, 11070, Note_on_c, 0, 50, 0
2, 11070, Note_on_c, 0, 45, 58
2, 11160, Note_on_c, 0, 45, 0
2, 11160, Note_on_c, 0, 78, 0
2, 11160, Note_on_c, 0, 74, 61
2, 11160, Note_on_c, 0, 50, 68
2, 11340, Note_on_c, 0, 74, 0
2, 11340, Note_on_c, 0, 76, 68
2, 11520, Note_on_c, 0, 76, 0
2, 11520, Note_on_c, 0, 50, 0
2, 11520, Note_on_c, 0, 77, 70
2, 11520, Note_on_c, 0, 50, 67
2, 11520, Note_on_c, 0, 53, 67
2, 11520, Note_on_c, 0, 57, 67
2, 11880, Note_on_c, 0, 57, 0
2, 11880, Note_on_c, 0, 77, 0
2, 11880, Note_on_c, 0, 50, 0
2, 11880, Note_on_c, 0, 53, 0
2, 11880, Note_on_c, 0, 71, 70
2, 11880, Note_on_c, 0, 79, 70
2, 11880, Note_on_c, 0, 43, 63
2, 11880, Note_on_c, 0, 50, 63
2, 11880, Note_on_c, 0, 53, 63
2, 11880, Note_on_c, 0, 59, 63
2, 12060, Note_on_c, 0, 79, 0
2, 12060, Note_on_c, 0, 71, 0
2, 12060, Note_on_c, 0, 74, 60
2, 12060, Note_on_c, 0, 77, 60
2, 12240, Note_on_c, 0, 77, 0
2, 12240, Note_on_c, 0, 59, 0
2, 12240, Note_on_c, 0, 43, 0
2, 12240, Note_on_c, 0, 50, 0
2, 12240, Note_on_c, 0, 74, 0
2, 12240, Note_on_c, 0, 53, 0
2, 12240, Note_on_c, 0, 72, 60
2, 12240, Note_on_c, 0, 76, 60
2, 12240, Note_on_c, 0, 48, 69
2, 12240, Note_on_c, 0, 52, 69
2, 12240, Note_on_c, 0, 55, 69
2, 12240, Note_on_c, 0, 60, 69
2, 12510, Note_on_c, 0, 76, 0
2, 12510, Note_on_c, 0, 72, 0
2, 12510, Note_on_c, 0, 76, 71
2, 12510, Note_on_c, 0, 79, 71
2, 12600, Note_on_c, 0, 79, 0
2, 12600, Note_on_c, 0, 60, 0
2, 12600, Note_on_c, 0, 48, 0
2, 12600, Note_on_c, 0, 52, 0
2, 12600, Note_on_c, 0, 76, 0
2, 12600, Note_on_c, 0, 55, 0
2, 12600, Note_on_c, 0, 79, 74
2, 12600, Note_on_c, 0, 84, 74
2, 12600, Note_on_c, 0, 52, 70
2, 12600, Note_on_c, 0, 55, 70
2, 12600, Note_on_c, 0, 60, 70
2, 12780, Note_on_c, 0, 84, 0
2, 12780, Note_on_c, 0, 79, 0
2, 12780, Note_on_c, 0, 83, 65
2, 12960, Note_on_c, 0, 83, 0
2, 12960, Note_on_c, 0, 60, 0
2, 12960, Note_on_c, 0, 52, 0
2, 12960, Note_on_c, 0, 55, 0
2, 12960, Note_on_c, 0, 79, 66
2, 12960, Note_on_c, 0, 83, 66
2, 12960, Note_on_c, 0, 53, 65
2, 12960, Note_on_c, 0, 57, 65
2, 12960, Note_on_c, 0, 60, 65
2, 13230, Note_on_c, 0, 83, 0
2, 13230, Note_on_c, 0, 79, 0
2, 13230, Note_on_c, 0, 77, 66
2, 13230, Note_on_c, 0, 81, 66
2, 13320, Note_on_c, 0, 81, 0
2, 13320, Note_on_c, 0, 57, 0
2, 13320, Note_on_c, 0, 60, 0
2, 13320, Note_on_c, 0, 53, 0
2, 13320, Note_on_c, 0, 77, 0
2, 13320, Note_on_c, 0, 76, 64
2, 13320, Note_on_c, 0, 79, 64
2, 13320, Note_on_c, 0, 45, 66
2, 13320, Note_on_c, 0, 53, 66
2, 13320, Note_on_c, 0, 60, 66
2, 13500, Note_on_c, 0, 79, 0
2, 13500, Note_on_c, 0, 76, 0
2, 13500, Note_on_c, 0, 77, 67
2, 13500, Note_on_c, 0, 81, 67
2, 13680, Note_on_c, 0, 81, 0
2, 13680, Note_on_c, 0, 53, 0
2, 13680, Note_on_c, 0, 60, 0
2, 13680, Note_on_c, 0, 45, 0
2, 13680, Note_on_c, 0, 77, 0
2, 13680, Note_on_c, 0, 79, 63
2, 13680, Note_on_c, 0, 48, 62
2, 13680, Note_on_c, 0, 52, 62
2, 13680, Note_on_c, 0, 55, 62
2, 13680, Note_on_c, 0, 60, 62
2, 14040, Note_on_c, 0, 60, 0
2, 14040, Note_on_c, 0, 52, 0
2, 14040, Note_on_c, 0, 79, 0
2, 14040, Note_on_c, 0, 48, 0
2, 14040, Note_on_c, 0, 55, 0
2, 14040, Note_on_c, 0, 79, 124
2, 14040, Note_on_c, 0, 88, 124
2, 14310, Note_on_c, 0, 88, 0
2, 14310, Note_on_c, 0, 79, 0
2, 14310, Note_on_c, 0, 76, 84
2, 14310, Note_on_c, 0, 79, 84
2, 14400, Note_on_c, 0, 79, 0
2, 14400, Note_on_c, 0, 76, 0
2, 14400, Note_on_c, 0, 74, 97
2, 14400, Note_on_c, 0, 78, 97
2, 14400, Note_on_c, 0, 45, 60
2, 14400, Note_on_c, 0, 50, 60
2, 14400, Note_on_c, 0, 60, 60
2, 14760, Note_on_c, 0, 60, 0
2, 14760, Note_on_c, 0, 45, 0
2, 14760, Note_on_c, 0, 74, 0
2, 14760, Note_on_c, 0, 78, 0
2, 14760, Note_on_c, 0, 50, 0
2, 14760, Note_on_c, 0, 77, 119
2, 14760, Note_on_c, 0, 86, 119
2, 14760, Note_on_c, 0, 47, 70
2, 14760, Note_on_c, 0, 55, 70
2, 14760, Note_on_c, 0, 62, 70
2, 15030, Note_on_c, 0, 86, 0
2, 15030, Note_on_c, 0, 77, 0
2, 15030, Note_on_c, 0, 74, 83
2, 15030, Note_on_c, 0, 77, 83
2, 15120, Note_on_c, 0, 77, 0
2, 15120, Note_on_c, 0, 55, 0
2, 15120, Note_on_c, 0, 62, 0
2, 15120, Note_on_c, 0, 47, 0
2, 15120, Note_on_c, 0, 74, 0
2, 15120, Note_on_c, 0, 72, 94
2, 15120, Note_on_c, 0, 76, 94
2, 15120, Note_on_c, 0, 48, 66
2, 15120, Note_on_c, 0, 55, 66
2, 15120, Note_on_c, 0, 64, 66
2, 15480, Note_on_c, 0, 64, 0
2, 15480, Note_on_c, 0, 48, 0
2, 15480, Note_on_c, 0, 72, 0
2, 15480, Note_on_c, 0, 76, 0
2, 15480, Note_on_c, 0, 55, 0
2, 15480, Note_on_c, 0, 76, 122
2, 15480, Note_on_c, 0, 84, 122
2, 15480, Note_on_c, 0, 45, 59
2, 15750, Note_on_c, 0, 84, 0
2, 15750, Note_on_c, 0, 76, 0
2, 15750, Note_on_c, 0, 79, 100
2, 15750, Note_on_c, 0, 83, 100
2, 15840, Note_on_c, 0, 83, 0
2, 15840, Note_on_c, 0, 79, 0
2, 15840, Note_on_c, 0, 45, 0
2, 15840, Note_on_c, 0, 72, 96
2, 15840, Note_on_c, 0, 78, 96
2, 15840, Note_on_c, 0, 81, 96
2, 15840, Note_on_c, 0, 50, 70
2, 16110, Note_on_c, 0, 50, 0
2, 16110, Note_on_c, 0, 50, 66
2, 16189, Note_on_c, 0, 54, 68
2, 16200, Note_on_c, 0, 54, 0
2, 16200, Note_on_c, 0, 50, 0
2, 16200, Note_on_c, 0, 52, 65
2, 16470, Note_on_c, 0, 52, 0
2, 16470, Note_on_c, 0, 50, 66
2, 16560, Note_on_c, 0, 50, 0
2, 16560, Note_on_c, 0, 81, 0
2, 16560, Note_on_c, 0, 78, 0
2, 16560, Note_on_c, 0, 72, 0
2, 16560, Note_on_c, 0, 71, 96
2, 16560, Note_on_c, 0, 79, 96
2, 16560, Note_on_c, 0, 55, 69
2, 16920, Note_on_c, 0, 55, 0
2, 16920, Note_on_c, 0, 79, 0
2, 16920, Note_on_c, 0, 71, 0
2, 16920, Note_on_c, 0, 78, 95
2, 17100, Note_on_c, 0, 78, 0
2, 17100, Note_on_c, 0, 79, 104
2, 17280, Note_on_c, 0, 79, 0
2, 17280, Note_on_c, 0, 80, 107
2, 17280, Note_on_c, 0, 53, 57
2, 17460, Note_on_c, 0, 80, 0
2, 17460, Note_on_c, 0, 81, 107
2, 17640, Note_on_c, 0, 81, 0
2, 17640, Note_on_c, 0, 53, 0
2, 17640, Note_on_c, 0, 71, 83
2, 17640, Note_on_c, 0, 55, 78
2, 17640, Note_on_c, 0, 62, 78
2, 17820, Note_on_c, 0, 71, 0
2, 17820, Note_on_c, 0, 81, 123
2, 18000, Note_on_c, 0, 81, 0
2, 18000, Note_on_c, 0, 62, 0
2, 18000, Note_on_c, 0, 55, 0
2, 18000, Note_on_c, 0, 78, 99
2, 18000, Note_on_c, 0, 52, 67
2, 18180, Note_on_c, 0, 78, 0
2, 18180, Note_on_c, 0, 79, 104
2, 18360, Note_on_c, 0, 79, 0
2, 18360, Note_on_c, 0, 52, 0
2, 18360, Note_on_c, 0, 67, 75
2, 18360, Note_on_c, 0, 55, 76
2, 18360, Note_on_c, 0, 60, 76
2, 18540, Note_on_c, 0, 67, 0
2, 18540, Note_on_c, 0, 79, 122
2, 18720, Note_on_c, 0, 79, 0
2, 18720, Note_on_c, 0, 60, 0
2, 18720, Note_on_c, 0, 55, 0
2, 18720, Note_on_c, 0, 69, 103
2, 18720, Note_on_c, 0, 77, 103
2, 18720, Note_on_c, 0, 50, 66
2, 18720, Note_on_c, 0, 60, 66
2, 19080, Note_on_c, 0, 60, 0
2, 19080, Note_on_c, 0, 69, 0
2, 19080, Note_on_c, 0, 77, 0
2, 19080, Note_on_c, 0, 50, 0
2, 19080, Note_on_c, 0, 76, 100
2, 19080, Note_on_c, 0, 65, 59
2, 19080, Note_on_c, 0, 55, 64
2, 19080, Note_on_c, 0, 59, 64
2, 19260, Note_on_c, 0, 76, 0
2, 19260, Note_on_c, 0, 74, 94
2, 19440, Note_on_c, 0, 74, 0
2, 19440, Note_on_c, 0, 59, 0
2, 19440, Note_on_c, 0, 55, 0
2, 19440, Note_on_c, 0, 65, 0
2, 19440, Note_on_c, 0, 76, 108
2, 19440, Note_on_c, 0, 64, 73
2, 19440, Note_on_c, 0, 48, 68
2, 19440, Note_on_c, 0, 60, 68
2, 19800, Note_on_c, 0, 60, 0
2, 19800, Note_on_c, 0, 76, 0
2, 19800, Note_on_c, 0, 64, 0
2, 19800, Note_on_c, 0, 48, 0
2, 19800, Note_on_c, 0, 74, 99
2, 19800, Note_on_c, 0, 64, 84
2, 19800, Note_on_c, 0, 42, 56
2, 19800, Note_on_c, 0, 57, 56
2, 19980, Note_on_c, 0, 74, 0
2, 19980, Note_on_c, 0, 72, 94
2, 20160, Note_on_c, 0, 72, 0
2, 20160, Note_on_c, 0, 57, 0
2, 20160, Note_on_c, 0, 42, 0
2, 20160, Note_on_c, 0, 64, 0
2, 20160, Note_on_c, 0, 71, 98
2, 20160, Note_on_c, 0, 63, 77
2, 20160, Note_on_c, 0, 57, 67
2, 20160, Note_on_c, 0, 47, 76
2, 20340, Note_on_c, 0, 71, 0
2, 20340, Note_on_c, 0, 72, 102
2, 20520, Note_on_c, 0, 72, 0
2, 20520, Note_on_c, 0, 63, 0
2, 20520, Note_on_c, 0, 57, 0
2, 20520, Note_on_c, 0, 71, 92
2, 20520, Note_on_c, 0, 64, 84
2, 20520, Note_on_c, 0, 55, 63
2, 20700, Note_on_c, 0, 71, 0
2, 20700, Note_on_c, 0, 76, 116
2, 20880, Note_on_c, 0, 76, 0
2, 20880, Note_on_c, 0, 55, 0
2, 20880, Note_on_c, 0, 64, 0
2, 20880, Note_on_c, 0, 75, 100
2, 20880, Note_on_c, 0, 69, 92
2, 20880, Note_on_c, 0, 54, 65
2, 21060, Note_on_c, 0, 54, 0
2, 21060, Note_on_c, 0, 75, 0
2, 21060, Note_on_c, 0, 78, 111
2, 21060, Note_on_c, 0, 51, 57
2, 21240, Note_on_c, 0, 51, 0
2, 21240, Note_on_c, 0, 78, 0
2, 21240, Note_on_c, 0, 69, 0
2, 21240, Note_on_c, 0, 76, 94
2, 21240, Note_on_c, 0, 67, 78
2, 21240, Note_on_c, 0, 52, 64
2, 21420, Note_on_c, 0, 67, 0
2, 21420, Note_on_c, 0, 76, 0
2, 21420, Note_on_c, 0, 79, 115
2, 21420, Note_on_c, 0, 71, 87
2, 21600, Note_on_c, 0, 71, 0
2, 21600, Note_on_c, 0, 52, 0
2, 21600, Note_on_c, 0, 47, 0
2, 21600, Note_on_c, 0, 79, 0
2, 21600, Note_on_c, 0, 76, 66
2, 21600, Note_on_c, 0, 79, 66
2, 21600, Note_on_c, 0, 59, 70
2, 21600, Note_on_c, 0, 47, 81
2, 21960, Note_on_c, 0, 59, 0
2, 21960, Note_on_c, 0, 58, 66
2, 22320, Note_on_c, 0, 58, 0
2, 22320, Note_on_c, 0, 76, 0
2, 22320, Note_on_c, 0, 79, 0
2, 22320, Note_on_c, 0, 75, 59
2, 22320, Note_on_c, 0, 78, 59
2, 22320, Note_on_c, 0, 59, 64
2, 22680, Note_on_c, 0, 59, 0
2, 22680, Note_on_c, 0, 47, 0
2, 22680, Note_on_c, 0, 75, 0
2, 22680, Note_on_c, 0, 78, 0
2, 22680, Note_on_c, 0, 35, 72
2, 23040, Note_on_c, 0, 35, 0
2, 23040, Note_on_c, 0, 76, 54
2, 23040, Note_on_c, 0, 79, 54
2, 23040, Note_on_c, 0, 40, 59
2, 23040, Note_on_c, 0, 47, 59
2, 23400, Note_on_c, 0, 47, 0
2, 23400, Note_on_c, 0, 40, 0
2, 23400, Note_on_c, 0, 52, 73
2, 23400, Note_on_c, 0, 59, 73
2, 24030, Note_on_c, 0, 79, 0
2, 24030, Note_on_c, 0, 76, 0
2, 24030, Note_on_c, 0, 78, 59
2, 24120, Note_on_c, 0, 78, 0
2, 24120, Note_on_c, 0, 52, 0
2, 24120, Note_on_c, 0, 59, 0
2, 24120, Note_on_c, 0, 75, 66
2, 24120, Note_on_c, 0, 78, 66
2, 24120, Note_on_c, 0, 35, 61
2, 24120, Note_on_c, 0, 47, 61
2, 24480, Note_on_c, 0, 47, 0
2, 24480, Note_on_c, 0, 75, 0
2, 24480, Note_on_c, 0, 78, 0
2, 24480, Note_on_c, 0, 35, 0
2, 24480, Note_on_c, 0, 72, 61
2, 24480, Note_on_c, 0, 76, 61
2, 24480, Note_on_c, 0, 36, 61
2, 24480, Note_on_c, 0, 43, 61
2, 24840, Note_on_c, 0, 43, 0
2, 24840, Note_on_c, 0, 36, 0
2, 24840, Note_on_c, 0, 48, 72
2, 24840, Note_on_c, 0, 55, 72
2, 25470, Note_on_c, 0, 76, 0
2, 25470, Note_on_c, 0, 72, 0
2, 25470, Note_on_c, 0, 75, 65
2, 25560, Note_on_c, 0, 75, 0
2, 25560, Note_on_c, 0, 48, 0
2, 25560, Note_on_c, 0, 55, 0
2, 25560, Note_on_c, 0, 71, 63
2, 25560, Note_on_c, 0, 75, 63
2, 25560, Note_on_c, 0, 31, 56
2, 25560, Note_on_c, 0, 43, 56
2, 25920, Note_on_c, 0, 43, 0
2, 25920, Note_on_c, 0, 71, 0
2, 25920, Note_on_c, 0, 75, 0
2, 25920, Note_on_c, 0, 31, 0
2, 25920, Note_on_c, 0, 72, 88
2, 25920, Note_on_c, 0, 33, 64
2, 25920, Note_on_c, 0, 45, 64
2, 26190, Note_on_c, 0, 78, 62
2, 26280, Note_on_c, 0, 78, 0
2, 26280, Note_on_c, 0, 72, 0
2, 26280, Note_on_c, 0, 33, 0
2, 26280, Note_on_c, 0, 45, 0
2, 26280, Note_on_c, 0, 79, 67
2, 26280, Note_on_c, 0, 76, 88
2, 26280, Note_on_c, 0, 30, 64
2, 26280, Note_on_c, 0, 42, 64
2, 26550, Note_on_c, 0, 76, 0
2, 26550, Note_on_c, 0, 79, 0
2, 26550, Note_on_c, 0, 81, 71
2, 26550, Note_on_c, 0, 78, 84
2, 26640, Note_on_c, 0, 78, 0
2, 26640, Note_on_c, 0, 42, 0
2, 26640, Note_on_c, 0, 30, 0
2, 26640, Note_on_c, 0, 81, 0
2, 26640, Note_on_c, 0, 76, 61
2, 26640, Note_on_c, 0, 79, 61
2, 26640, Note_on_c, 0, 35, 73
2, 26640, Note_on_c, 0, 47, 73
2, 26910, Note_on_c, 0, 79, 0
2, 26910, Note_on_c, 0, 76, 0
2, 26910, Note_on_c, 0, 75, 63
2, 26910, Note_on_c, 0, 78, 63
2, 27000, Note_on_c, 0, 78, 0
2, 27000, Note_on_c, 0, 47, 0
2, 27000, Note_on_c, 0, 35, 0
2, 27000, Note_on_c, 0, 75, 0
2, 27000, Note_on_c, 0, 73, 61
2, 27000, Note_on_c, 0, 76, 61
2, 27000, Note_on_c, 0, 47, 71
2, 27000, Note_on_c, 0, 57, 71
2, 27270, Note_on_c, 0, 76, 0
2, 27270, Note_on_c, 0, 73, 0
2, 27270, Note_on_c, 0, 75, 72
2, 27270, Note_on_c, 0, 78, 72
2, 27360, Note_on_c, 0, 78, 0
2, 27360, Note_on_c, 0, 57, 0
2, 27360, Note_on_c, 0, 47, 0
2, 27360, Note_on_c, 0, 75, 0
2, 27360, Note_on_c, 0, 76, 64
2, 27360, Note_on_c, 0, 52, 66
2, 27360, Note_on_c, 0, 55, 66
2, 27630, Note_on_c, 0, 76, 0
2, 27630, Note_on_c, 0, 75, 63
2, 27720, Note_on_c, 0, 75, 0
2, 27720, Note_on_c, 0, 55, 0
2, 27720, Note_on_c, 0, 52, 0
2, 27720, Note_on_c, 0, 76, 67
2, 27720, Note_on_c, 0, 44, 58
2, 27720, Note_on_c, 0, 52, 58
2, 27990, Note_on_c, 0, 76, 0
2, 27990, Note_on_c, 0, 77, 64
2, 28080, Note_on_c, 0, 77, 0
2, 28080, Note_on_c, 0, 76, 65
2, 28350, Note_on_c, 0, 76, 0
2, 28350, Note_on_c, 0, 71, 63
2, 28350, Note_on_c, 0, 74, 63
2, 28440, Note_on_c, 0, 74, 0
2, 28440, Note_on_c, 0, 71, 0
2, 28440, Note_on_c, 0, 70, 62
2, 28440, Note_on_c, 0, 73, 62
2, 28710, Note_on_c, 0, 73, 0
2, 28710, Note_on_c, 0, 70, 0
2, 28710, Note_on_c, 0, 71, 67
2, 28710, Note_on_c, 0, 74, 67
2, 28800, Note_on_c, 0, 74, 0
2, 28800, Note_on_c, 0, 44, 0
2, 28800, Note_on_c, 0, 52, 0
2, 28800, Note_on_c, 0, 71, 0
2, 28800, Note_on_c, 0, 69, 62
2, 28800, Note_on_c, 0, 72, 62
2, 28800, Note_on_c, 0, 45, 65
2, 28800, Note_on_c, 0, 52, 65
2, 28980, Note_on_c, 0, 52, 0
2, 28980, Note_on_c, 0, 69, 0
2, 28980, Note_on_c, 0, 72, 0
2, 28980, Note_on_c, 0, 45, 0
2, 28980, Note_on_c, 0, 69, 69
2, 28980, Note_on_c, 0, 75, 69
2, 28980, Note_on_c, 0, 42, 68
2, 28980, Note_on_c, 0, 54, 68
2, 29160, Note_on_c, 0, 54, 0
2, 29160, Note_on_c, 0, 69, 0
2, 29160, Note_on_c, 0, 75, 0
2, 29160, Note_on_c, 0, 42, 0
2, 29160, Note_on_c, 0, 71, 73
2, 29160, Note_on_c, 0, 76, 73
2, 29160, Note_on_c, 0, 43, 67
2, 29160, Note_on_c, 0, 55, 67
2, 29340, Note_on_c, 0, 55, 0
2, 29340, Note_on_c, 0, 71, 0
2, 29340, Note_on_c, 0, 76, 0
2, 29340, Note_on_c, 0, 43, 0
2, 29340, Note_on_c, 0, 72, 69
2, 29340, Note_on_c, 0, 76, 69
2, 29340, Note_on_c, 0, 78, 69
2, 29340, Note_on_c, 0, 45, 68
2, 29340, Note_on_c, 0, 57, 68
2, 29520, Note_on_c, 0, 57, 0
2, 29520, Note_on_c, 0, 78, 0
2, 29520, Note_on_c, 0, 72, 0
2, 29520, Note_on_c, 0, 76, 0
2, 29520, Note_on_c, 0, 45, 0
2, 29520, Note_on_c, 0, 71, 67
2, 29520, Note_on_c, 0, 76, 67
2, 29520, Note_on_c, 0, 79, 67
2, 29520, Note_on_c, 0, 47, 66
2, 29520, Note_on_c, 0, 59, 66
2, 29880, Note_on_c, 0, 59, 0
2, 29880, Note_on_c, 0, 79, 0
2, 29880, Note_on_c, 0, 71, 0
2, 29880, Note_on_c, 0, 76, 0
2, 29880, Note_on_c, 0, 47, 0
2, 29880, Note_on_c, 0, 69, 68
2, 29880, Note_on_c, 0, 75, 68
2, 29880, Note_on_c, 0, 78, 68
2, 29880, Note_on_c, 0, 35, 63
2, 29880, Note_on_c, 0, 47, 63
2, 30240, Note_on_c, 0, 47, 0
2, 30240, Note_on_c, 0, 78, 0
2, 30240, Note_on_c, 0, 69, 0
2, 30240, Note_on_c, 0, 75, 0
2, 30240, Note_on_c, 0, 35, 0
2, 30240, Note_on_c, 0, 67, 62
2, 30240, Note_on_c, 0, 71, 62
2, 30240, Note_on_c, 0, 76, 62
2, 30240, Note_on_c, 0, 40, 72
2, 30240, Note_on_c, 0, 52, 72
2, 31320, Note_on_c, 0, 52, 0
2, 31320, Note_on_c, 0, 76, 0
2, 31320, Note_on_c, 0, 67, 0
2, 31320, Note_on_c, 0, 71, 0
2, 31320, Note_on_c, 0, 40, 0
2, 31680, Note_on_c, 0, 55, 68
2, 31860, Note_on_c, 0, 55, 0
2, 31860, Note_on_c, 0, 67, 92
2, 32040, Note_on_c, 0, 67, 0
2, 32040, Note_on_c, 0, 55, 66
2, 32220, Note_on_c, 0, 55, 0
2, 32220, Note_on_c, 0, 67, 88
2, 32400, Note_on_c, 0, 67, 0
2, 32400, Note_on_c, 0, 55, 71
2, 32580, Note_on_c, 0, 55, 0
2, 32580, Note_on_c, 0, 67, 94
2, 32760, Note_on_c, 0, 67, 0
2, 32760, Note_on_c, 0, 55, 68
2, 32940, Note_on_c, 0, 55, 0
2, 32940, Note_on_c, 0, 79, 94
2, 32940, Note_on_c, 0, 67, 92
2, 33120, Note_on_c, 0, 67, 0
2, 33120, Note_on_c, 0, 79, 0
2, 33120, Note_on_c, 0, 69, 77
2, 33120, Note_on_c, 0, 62, 70
2, 33300, Note_on_c, 0, 62, 0
2, 33300, Note_on_c, 0, 69, 0
2, 33300, Note_on_c, 0, 77, 116
2, 33300, Note_on_c, 0, 65, 87
2, 33300, Note_on_c, 0, 69, 87
2, 33480, Note_on_c, 0, 69, 0
2, 33480, Note_on_c, 0, 65, 0
2, 33480, Note_on_c, 0, 77, 0
2, 33480, Note_on_c, 0, 71, 91
2, 33480, Note_on_c, 0, 55, 71
2, 33660, Note_on_c, 0, 55, 0
2, 33660, Note_on_c, 0, 71, 0
2, 33660, Note_on_c, 0, 76, 110
2, 33660, Note_on_c, 0, 65, 96
2, 33660, Note_on_c, 0, 67, 96
2, 33840, Note_on_c, 0, 67, 0
2, 33840, Note_on_c, 0, 65, 0
2, 33840, Note_on_c, 0, 76, 0
2, 33840, Note_on_c, 0, 74, 98
2, 33840, Note_on_c, 0, 60, 64
2, 33864, Note_on_c, 0, 74, 0
2, 33864, Note_on_c, 0, 76, 107
2, 33887, Note_on_c, 0, 76, 0
2, 33887, Note_on_c, 0, 74, 100
2, 33930, Note_on_c, 0, 74, 0
2, 33930, Note_on_c, 0, 72, 95
2, 34020, Note_on_c, 0, 72, 0
2, 34020, Note_on_c, 0, 60, 0
2, 34020, Note_on_c, 0, 79, 116
2, 34020, Note_on_c, 0, 64, 85
2, 34020, Note_on_c, 0, 67, 85
2, 34200, Note_on_c, 0, 67, 0
2, 34200, Note_on_c, 0, 64, 0
2, 34200, Note_on_c, 0, 79, 0
2, 34200, Note_on_c, 0, 83, 119
2, 34200, Note_on_c, 0, 64, 72
2, 34380, Note_on_c, 0, 64, 0
2, 34380, Note_on_c, 0, 83, 0
2, 34380, Note_on_c, 0, 81, 102
2, 34380, Note_on_c, 0, 67, 89
2, 34380, Note_on_c, 0, 72, 89
2, 34560, Note_on_c, 0, 72, 0
2, 34560, Note_on_c, 0, 67, 0
2, 34560, Note_on_c, 0, 81, 0
2, 34560, Note_on_c, 0, 79, 97
2, 34560, Note_on_c, 0, 62, 60
2, 34584, Note_on_c, 0, 79, 0
2, 34584, Note_on_c, 0, 81, 102
2, 34607, Note_on_c, 0, 81, 0
2, 34607, Note_on_c, 0, 79, 101
2, 34650, Note_on_c, 0, 79, 0
2, 34650, Note_on_c, 0, 77, 95
2, 34740, Note_on_c, 0, 77, 0
2, 34740, Note_on_c, 0, 62, 0
2, 34740, Note_on_c, 0, 84, 116
2, 34740, Note_on_c, 0, 65, 85
2, 34740, Note_on_c, 0, 69, 85
2, 34920, Note_on_c, 0, 69, 0
2, 34920, Note_on_c, 0, 65, 0
2, 34920, Note_on_c, 0, 84, 0
2, 34920, Note_on_c, 0, 88, 116
2, 34920, Note_on_c, 0, 65, 63
2, 35100, Note_on_c, 0, 65, 0
2, 35100, Note_on_c, 0, 88, 0
2, 35100, Note_on_c, 0, 86, 97
2, 35100, Note_on_c, 0, 69, 95
2, 35100, Note_on_c, 0, 74, 95
2, 35280, Note_on_c, 0, 74, 0
2, 35280, Note_on_c, 0, 69, 0
2, 35280, Note_on_c, 0, 86, 0
2, 35280, Note_on_c, 0, 84, 103
2, 35280, Note_on_c, 0, 74, 82
2, 35280, Note_on_c, 0, 77, 82
2, 35460, Note_on_c, 0, 77, 0
2, 35460, Note_on_c, 0, 74, 0
2, 35460, Note_on_c, 0, 84, 0
2, 35460, Note_on_c, 0, 83, 97
2, 35460, Note_on_c, 0, 68, 82
2, 35460, Note_on_c, 0, 72, 82
2, 35460, Note_on_c, 0, 78, 82
2, 35550, Note_on_c, 0, 83, 0
2, 35550, Note_on_c, 0, 84, 104
2, 35640, Note_on_c, 0, 84, 0
2, 35640, Note_on_c, 0, 78, 0
2, 35640, Note_on_c, 0, 72, 0
2, 35640, Note_on_c, 0, 68, 0
2, 35640, Note_on_c, 0, 86, 109
2, 35640, Note_on_c, 0, 67, 78
2, 35640, Note_on_c, 0, 71, 78
2, 35640, Note_on_c, 0, 79, 78
2, 35820, Note_on_c, 0, 79, 0
2, 35820, Note_on_c, 0, 86, 0
2, 35820, Note_on_c, 0, 67, 0
2, 35820, Note_on_c, 0, 71, 0
2, 35820, Note_on_c, 0, 79, 82
2, 36000, Note_on_c, 0, 79, 0
2, 36000, Note_on_c, 0, 69, 78
2, 36000, Note_on_c, 0, 62, 61
2, 36180, Note_on_c, 0, 62, 0
2, 36180, Note_on_c, 0, 69, 0
2, 36180, Note_on_c, 0, 77, 113
2, 36180, Note_on_c, 0, 65, 88
2, 36180, Note_on_c, 0, 69, 88
2, 36360, Note_on_c, 0, 69, 0
2, 36360, Note_on_c, 0, 65, 0
2, 36360, Note_on_c, 0, 77, 0
2, 36360, Note_on_c, 0, 71, 87
2, 36360, Note_on_c, 0, 56, 71
2, 36540, Note_on_c, 0, 56, 0
2, 36540, Note_on_c, 0, 71, 0
2, 36540, Note_on_c, 0, 76, 112
2, 36540, Note_on_c, 0, 64, 91
2, 36540, Note_on_c, 0, 71, 91
2, 36720, Note_on_c, 0, 71, 0
2, 36720, Note_on_c, 0, 64, 0
2, 36720, Note_on_c, 0, 76, 0
2, 36720, Note_on_c, 0, 74, 96
2, 36720, Note_on_c, 0, 57, 72
2, 36744, Note_on_c, 0, 74, 0
2, 36744, Note_on_c, 0, 76, 104
2, 36767, Note_on_c, 0, 76, 0
2, 36767, Note_on_c, 0, 74, 101
2, 36900, Note_on_c, 0, 74, 0
2, 36900, Note_on_c, 0, 57, 0
2, 36900, Note_on_c, 0, 72, 96
2, 36900, Note_on_c, 0, 60, 97
2, 36900, Note_on_c, 0, 64, 97
2, 36900, Note_on_c, 0, 69, 97
2, 36990, Note_on_c, 0, 72, 0
2, 36990, Note_on_c, 0, 76, 112
2, 37080, Note_on_c, 0, 76, 0
2, 37080, Note_on_c, 0, 69, 0
2, 37080, Note_on_c, 0, 64, 0
2, 37080, Note_on_c, 0, 60, 0
2, 37080, Note_on_c, 0, 84, 124
2, 37080, Note_on_c, 0, 57, 69
2, 37260, Note_on_c, 0, 57, 0
2, 37260, Note_on_c, 0, 84, 0
2, 37260, Note_on_c, 0, 83, 103
2, 37260, Note_on_c, 0, 64, 93
2, 37260, Note_on_c, 0, 66, 93
2, 37260, Note_on_c, 0, 72, 93
2, 37350, Note_on_c, 0, 83, 0
2, 37350, Note_on_c, 0, 81, 93
2, 37440, Note_on_c, 0, 81, 0
2, 37440, Note_on_c, 0, 72, 0
2, 37440, Note_on_c, 0, 66, 0
2, 37440, Note_on_c, 0, 64, 0
2, 37440, Note_on_c, 0, 79, 94
2, 37440, Note_on_c, 0, 59, 72
2, 37620, Note_on_c, 0, 59, 0
2, 37620, Note_on_c, 0, 79, 0
2, 37620, Note_on_c, 0, 83, 110
2, 37620, Note_on_c, 0, 64, 95
2, 37620, Note_on_c, 0, 67, 95
2, 37620, Note_on_c, 0, 71, 95
2, 37800, Note_on_c, 0, 71, 0
2, 37800, Note_on_c, 0, 83, 0
2, 37800, Note_on_c, 0, 64, 0
2, 37800, Note_on_c, 0, 67, 0
2, 37800, Note_on_c, 0, 75, 87
2, 37800, Note_on_c, 0, 59, 70
2, 37980, Note_on_c, 0, 59, 0
2, 37980, Note_on_c, 0, 75, 0
2, 37980, Note_on_c, 0, 79, 109
2, 37980, Note_on_c, 0, 63, 97
2, 37980, Note_on_c, 0, 69, 97
2, 37980, Note_on_c, 0, 71, 97
2, 38160, Note_on_c, 0, 71, 0
2, 38160, Note_on_c, 0, 79, 0
2, 38160, Note_on_c, 0, 63, 0
2, 38160, Note_on_c, 0, 69, 0
2, 38160, Note_on_c, 0, 76, 96
2, 38160, Note_on_c, 0, 64, 79
2, 38160, Note_on_c, 0, 67, 79
2, 38160, Note_on_c, 0, 71, 79
2, 38318, Note_on_c, 0, 77, 105
2, 38340, Note_on_c, 0, 77, 0
2, 38340, Note_on_c, 0, 67, 0
2, 38340, Note_on_c, 0, 76, 0
2, 38340, Note_on_c, 0, 64, 0
2, 38340, Note_on_c, 0, 71, 0
2, 38340, Note_on_c, 0, 76, 97
2, 38340, Note_on_c, 0, 64, 77
2, 38340, Note_on_c, 0, 69, 77
2, 38340, Note_on_c, 0, 72, 77
2, 38475, Note_on_c, 0, 76, 0
2, 38475, Note_on_c, 0, 75, 98
2, 38520, Note_on_c, 0, 75, 0
2, 38520, Note_on_c, 0, 72, 0
2, 38520, Note_on_c, 0, 69, 0
2, 38520, Note_on_c, 0, 64, 0
2, 38520, Note_on_c, 0, 76, 102
2, 38520, Note_on_c, 0, 64, 75
2, 38520, Note_on_c, 0, 67, 75
2, 38520, Note_on_c, 0, 71, 75
2, 38700, Note_on_c, 0, 71, 0
2, 38700, Note_on_c, 0, 76, 0
2, 38700, Note_on_c, 0, 64, 0
2, 38700, Note_on_c, 0, 67, 0
2, 38880, Note_on_c, 0, 77, 91
2, 38880, Note_on_c, 0, 50, 68
2, 39060, Note_on_c, 0, 50, 0
2, 39060, Note_on_c, 0, 77, 0
2, 39060, Note_on_c, 0, 69, 81
2, 39060, Note_on_c, 0, 57, 92
2, 39060, Note_on_c, 0, 60, 92
2, 39060, Note_on_c, 0, 65, 92
2, 39240, Note_on_c, 0, 65, 0
2, 39240, Note_on_c, 0, 69, 0
2, 39240, Note_on_c, 0, 57, 0
2, 39240, Note_on_c, 0, 60, 0
2, 39240, Note_on_c, 0, 77, 116
2, 39240, Note_on_c, 0, 55, 73
2, 39420, Note_on_c, 0, 55, 0
2, 39420, Note_on_c, 0, 77, 0
2, 39420, Note_on_c, 0, 71, 92
2, 39420, Note_on_c, 0, 62, 89
2, 39420, Note_on_c, 0, 65, 89
2, 39600, Note_on_c, 0, 65, 0
2, 39600, Note_on_c, 0, 62, 0
2, 39600, Note_on_c, 0, 71, 0
2, 39600, Note_on_c, 0, 72, 106
2, 39600, Note_on_c, 0, 57, 73
2, 39624, Note_on_c, 0, 72, 0
2, 39624, Note_on_c, 0, 74, 109
2, 39647, Note_on_c, 0, 74, 0
2, 39647, Note_on_c, 0, 72, 99
2, 39690, Note_on_c, 0, 72, 0
2, 39690, Note_on_c, 0, 71, 95
2, 39780, Note_on_c, 0, 71, 0
2, 39780, Note_on_c, 0, 57, 0
2, 39780, Note_on_c, 0, 72, 106
2, 39780, Note_on_c, 0, 60, 90
2, 39780, Note_on_c, 0, 64, 90
2, 39960, Note_on_c, 0, 64, 0
2, 39960, Note_on_c, 0, 60, 0
2, 39960, Note_on_c, 0, 72, 0
2, 39960, Note_on_c, 0, 83, 127
2, 39960, Note_on_c, 0, 54, 66
2, 40140, Note_on_c, 0, 54, 0
2, 40140, Note_on_c, 0, 83, 0
2, 40140, Note_on_c, 0, 81, 106
2, 40140, Note_on_c, 0, 60, 92
2, 40140, Note_on_c, 0, 62, 92
2, 40140, Note_on_c, 0, 69, 92
2, 40320, Note_on_c, 0, 69, 0
2, 40320, Note_on_c, 0, 81, 0
2, 40320, Note_on_c, 0, 60, 0
2, 40320, Note_on_c, 0, 62, 0
2, 40320, Note_on_c, 0, 71, 82
2, 40320, Note_on_c, 0, 55, 68
2, 40352, Note_on_c, 0, 71, 0
2, 40352, Note_on_c, 0, 72, 104
2, 40378, Note_on_c, 0, 72, 0
2, 40378, Note_on_c, 0, 71, 96
2, 40410, Note_on_c, 0, 71, 0
2, 40410, Note_on_c, 0, 70, 99
2, 40500, Note_on_c, 0, 70, 0
2, 40500, Note_on_c, 0, 55, 0
2, 40500, Note_on_c, 0, 71, 105
2, 40500, Note_on_c, 0, 59, 93
2, 40500, Note_on_c, 0, 62, 93
2, 40500, Note_on_c, 0, 67, 93
2, 40680, Note_on_c, 0, 67, 0
2, 40680, Note_on_c, 0, 71, 0
2, 40680, Note_on_c, 0, 59, 0
2, 40680, Note_on_c, 0, 62, 0
2, 40680, Note_on_c, 0, 81, 123
2, 40860, Note_on_c, 0, 81, 0
2, 40860, Note_on_c, 0, 79, 96
2, 41040, Note_on_c, 0, 79, 0
2, 41040, Note_on_c, 0, 55, 64
2, 41064, Note_on_c, 0, 55, 0
2, 41064, Note_on_c, 0, 57, 77
2, 41087, Note_on_c, 0, 57, 0
2, 41087, Note_on_c, 0, 55, 76
2, 41130, Note_on_c, 0, 55, 0
2, 41130, Note_on_c, 0, 54, 69
2, 41220, Note_on_c, 0, 54, 0
2, 41220, Note_on_c, 0, 55, 76
2, 41400, Note_on_c, 0, 55, 0
2, 41400, Note_on_c, 0, 69, 93
2, 41580, Note_on_c, 0, 69, 0
2, 41580, Note_on_c, 0, 67, 94
2, 41760, Note_on_c, 0, 67, 0
2, 41760, Note_on_c, 0, 45, 74
2, 41940, Note_on_c, 0, 45, 0
2, 41940, Note_on_c, 0, 43, 71
2, 42120, Note_on_c, 0, 43, 0
2, 42120, Note_on_c, 0, 33, 69
2, 42300, Note_on_c, 0, 33, 0
2, 42300, Note_on_c, 0, 31, 71
2, 42480, Note_on_c, 0, 31, 0
2, 43200, Note_on_c, 0, 76, 94
2, 43200, Note_on_c, 0, 36, 70
2, 43200, Note_on_c, 0, 48, 70
2, 43380, Note_on_c, 0, 48, 0
2, 43380, Note_on_c, 0, 36, 0
2, 43380, Note_on_c, 0, 55, 94
2, 43380, Note_on_c, 0, 60, 94
2, 43380, Note_on_c, 0, 64, 94
2, 43470, Note_on_c, 0, 64, 0
2, 43470, Note_on_c, 0, 76, 0
2, 43470, Note_on_c, 0, 55, 0
2, 43470, Note_on_c, 0, 60, 0
2, 43470, Note_on_c, 0, 74, 94
2, 43470, Note_on_c, 0, 55, 77
2, 43470, Note_on_c, 0, 60, 77
2, 43470, Note_on_c, 0, 64, 77
2, 43560, Note_on_c, 0, 64, 0
2, 43560, Note_on_c, 0, 74, 0
2, 43560, Note_on_c, 0, 55, 0
2, 43560, Note_on_c, 0, 60, 0
2, 43560, Note_on_c, 0, 76, 108
2, 43560, Note_on_c, 0, 55, 74
2, 43560, Note_on_c, 0, 60, 74
2, 43560, Note_on_c, 0, 64, 74
2, 43650, Note_on_c, 0, 76, 0
2, 43650, Note_on_c, 0, 77, 111
2, 43740, Note_on_c, 0, 77, 0
2, 43740, Note_on_c, 0, 64, 0
2, 43740, Note_on_c, 0, 60, 0
2, 43740, Note_on_c, 0, 55, 0
2, 43740, Note_on_c, 0, 79, 109
2, 43740, Note_on_c, 0, 56, 75
2, 43740, Note_on_c, 0, 59, 75
2, 43740, Note_on_c, 0, 65, 75
2, 43830, Note_on_c, 0, 79, 0
2, 43830, Note_on_c, 0, 77, 97
2, 43920, Note_on_c, 0, 77, 0
2, 43920, Note_on_c, 0, 65, 0
2, 43920, Note_on_c, 0, 59, 0
2, 43920, Note_on_c, 0, 56, 0
2, 43920, Note_on_c, 0, 76, 97
2, 43920, Note_on_c, 0, 36, 62
2, 43920, Note_on_c, 0, 48, 62
2, 44100, Note_on_c, 0, 48, 0
2, 44100, Note_on_c, 0, 36, 0
2, 44100, Note_on_c, 0, 55, 98
2, 44100, Note_on_c, 0, 60, 98
2, 44100, Note_on_c, 0, 64, 98
2, 44190, Note_on_c, 0, 64, 0
2, 44190, Note_on_c, 0, 76, 0
2, 44190, Note_on_c, 0, 55, 0
2, 44190, Note_on_c, 0, 60, 0
2, 44190, Note_on_c, 0, 76, 104
2, 44190, Note_on_c, 0, 55, 79
2, 44190, Note_on_c, 0, 60, 79
2, 44190, Note_on_c, 0, 64, 79
2, 44235, Note_on_c, 0, 76, 0
2, 44235, Note_on_c, 0, 77, 105
2, 44280, Note_on_c, 0, 77, 0
2, 44280, Note_on_c, 0, 64, 0
2, 44280, Note_on_c, 0, 60, 0
2, 44280, Note_on_c, 0, 55, 0
2, 44280, Note_on_c, 0, 76, 101
2, 44280, Note_on_c, 0, 55, 77
2, 44280, Note_on_c, 0, 60, 77
2, 44280, Note_on_c, 0, 64, 77
2, 44460, Note_on_c, 0, 64, 0
2, 44460, Note_on_c, 0, 76, 0
2, 44460, Note_on_c, 0, 55, 0
2, 44460, Note_on_c, 0, 60, 0
2, 44460, Note_on_c, 0, 74, 97
2, 44460, Note_on_c, 0, 56, 78
2, 44460, Note_on_c, 0, 59, 78
2, 44460, Note_on_c, 0, 65, 78
2, 44640, Note_on_c, 0, 65, 0
2, 44640, Note_on_c, 0, 74, 0
2, 44640, Note_on_c, 0, 56, 0
2, 44640, Note_on_c, 0, 59, 0
2, 44640, Note_on_c, 0, 72, 99
2, 44640, Note_on_c, 0, 36, 66
2, 44640, Note_on_c, 0, 48, 66
2, 44820, Note_on_c, 0, 48, 0
2, 44820, Note_on_c, 0, 36, 0
2, 44820, Note_on_c, 0, 57, 94
2, 44820, Note_on_c, 0, 60, 94
2, 44820, Note_on_c, 0, 64, 94
2, 44910, Note_on_c, 0, 64, 0
2, 44910, Note_on_c, 0, 72, 0
2, 44910, Note_on_c, 0, 57, 0
2, 44910, Note_on_c, 0, 60, 0
2, 44910, Note_on_c, 0, 71, 98
2, 44910, Note_on_c, 0, 57, 77
2, 44910, Note_on_c, 0, 60, 77
2, 44910, Note_on_c, 0, 64, 77
2, 45000, Note_on_c, 0, 64, 0
2, 45000, Note_on_c, 0, 71, 0
2, 45000, Note_on_c, 0, 57, 0
2, 45000, Note_on_c, 0, 60, 0
2, 45000, Note_on_c, 0, 72, 102
2, 45000, Note_on_c, 0, 57, 73
2, 45000, Note_on_c, 0, 60, 73
2, 45000, Note_on_c, 0, 64, 73
2, 45090, Note_on_c, 0, 72, 0
2, 45090, Note_on_c, 0, 74, 106
2, 45180, Note_on_c, 0, 74, 0
2, 45180, Note_on_c, 0, 64, 0
2, 45180, Note_on_c, 0, 60, 0
2, 45180, Note_on_c, 0, 57, 0
2, 45180, Note_on_c, 0, 76, 109
2, 45180, Note_on_c, 0, 56, 82
2, 45180, Note_on_c, 0, 59, 82
2, 45180, Note_on_c, 0, 65, 82
2, 45270, Note_on_c, 0, 76, 0
2, 45270, Note_on_c, 0, 74, 95
2, 45360, Note_on_c, 0, 74, 0
2, 45360, Note_on_c, 0, 65, 0
2, 45360, Note_on_c, 0, 59, 0
2, 45360, Note_on_c, 0, 56, 0
2, 45360, Note_on_c, 0, 72, 95
2, 45360, Note_on_c, 0, 36, 72
2, 45360, Note_on_c, 0, 48, 72
2, 45540, Note_on_c, 0, 48, 0
2, 45540, Note_on_c, 0, 36, 0
2, 45540, Note_on_c, 0, 57, 92
2, 45540, Note_on_c, 0, 64, 92
2, 45630, Note_on_c, 0, 64, 0
2, 45630, Note_on_c, 0, 57, 0
2, 45630, Note_on_c, 0, 72, 0
2, 45630, Note_on_c, 0, 72, 99
2, 45630, Note_on_c, 0, 57, 79
2, 45630, Note_on_c, 0, 64, 79
2, 45675, Note_on_c, 0, 72, 0
2, 45675, Note_on_c, 0, 74, 110
2, 45720, Note_on_c, 0, 74, 0
2, 45720, Note_on_c, 0, 64, 0
2, 45720, Note_on_c, 0, 57, 0
2, 45720, Note_on_c, 0, 72, 100
2, 45720, Note_on_c, 0, 57, 77
2, 45720, Note_on_c, 0, 64, 77
2, 45900, Note_on_c, 0, 64, 0
2, 45900, Note_on_c, 0, 57, 0
2, 45900, Note_on_c, 0, 72, 0
2, 45900, Note_on_c, 0, 71, 96
2, 45900, Note_on_c, 0, 55, 77
2, 45900, Note_on_c, 0, 60, 77
2, 45900, Note_on_c, 0, 64, 77
2, 46080, Note_on_c, 0, 64, 0
2, 46080, Note_on_c, 0, 71, 0
2, 46080, Note_on_c, 0, 55, 0
2, 46080, Note_on_c, 0, 60, 0
2, 46080, Note_on_c, 0, 69, 91
2, 46080, Note_on_c, 0, 38, 63
2, 46080, Note_on_c, 0, 50, 63
2, 46260, Note_on_c, 0, 50, 0
2, 46260, Note_on_c, 0, 38, 0
2, 46260, Note_on_c, 0, 53, 94
2, 46260, Note_on_c, 0, 62, 94
2, 46350, Note_on_c, 0, 69, 0
2, 46350, Note_on_c, 0, 68, 98
2, 46440, Note_on_c, 0, 68, 0
2, 46440, Note_on_c, 0, 62, 0
2, 46440, Note_on_c, 0, 53, 0
2, 46440, Note_on_c, 0, 69, 107
2, 46440, Note_on_c, 0, 40, 76
2, 46440, Note_on_c, 0, 52, 76
2, 46530, Note_on_c, 0, 69, 0
2, 46530, Note_on_c, 0, 70, 105
2, 46620, Note_on_c, 0, 70, 0
2, 46620, Note_on_c, 0, 52, 0
2, 46620, Note_on_c, 0, 40, 0
2, 46620, Note_on_c, 0, 72, 105
2, 46620, Note_on_c, 0, 57, 97
2, 46620, Note_on_c, 0, 61, 97
2, 46620, Note_on_c, 0, 67, 97
2, 46710, Note_on_c, 0, 72, 0
2, 46710, Note_on_c, 0, 70, 97
2, 46800, Note_on_c, 0, 70, 0
2, 46800, Note_on_c, 0, 67, 0
2, 46800, Note_on_c, 0, 61, 0
2, 46800, Note_on_c, 0, 57, 0
2, 46800, Note_on_c, 0, 69, 92
2, 46800, Note_on_c, 0, 41, 75
2, 46800, Note_on_c, 0, 53, 75
2, 46980, Note_on_c, 0, 53, 0
2, 46980, Note_on_c, 0, 41, 0
2, 46980, Note_on_c, 0, 69, 0
2, 46980, Note_on_c, 0, 74, 115
2, 46980, Note_on_c, 0, 57, 88
2, 46980, Note_on_c, 0, 62, 88
2, 47070, Note_on_c, 0, 74, 0
2, 47070, Note_on_c, 0, 76, 114
2, 47160, Note_on_c, 0, 76, 0
2, 47160, Note_on_c, 0, 62, 0
2, 47160, Note_on_c, 0, 57, 0
2, 47160, Note_on_c, 0, 74, 96
2, 47160, Note_on_c, 0, 42, 74
2, 47160, Note_on_c, 0, 54, 74
2, 47340, Note_on_c, 0, 54, 0
2, 47340, Note_on_c, 0, 42, 0
2, 47340, Note_on_c, 0, 74, 0
2, 47340, Note_on_c, 0, 72, 97
2, 47340, Note_on_c, 0, 57, 92
2, 47340, Note_on_c, 0, 60, 92
2, 47340, Note_on_c, 0, 62, 92
2, 47520, Note_on_c, 0, 62, 0
2, 47520, Note_on_c, 0, 72, 0
2, 47520, Note_on_c, 0, 57, 0
2, 47520, Note_on_c, 0, 60, 0
2, 47520, Note_on_c, 0, 69, 123
2, 47520, Note_on_c, 0, 81, 123
2, 47520, Note_on_c, 0, 43, 72
2, 47520, Note_on_c, 0, 50, 72
2, 47520, Note_on_c, 0, 53, 72
2, 47520, Note_on_c, 0, 59, 72
2, 47700, Note_on_c, 0, 59, 0
2, 47700, Note_on_c, 0, 81, 0
2, 47700, Note_on_c, 0, 43, 0
2, 47700, Note_on_c, 0, 69, 0
2, 47700, Note_on_c, 0, 53, 0
2, 47700, Note_on_c, 0, 50, 0
2, 47700, Note_on_c, 0, 67, 103
2, 47700, Note_on_c, 0, 79, 103
2, 47880, Note_on_c, 0, 79, 0
2, 47880, Note_on_c, 0, 67, 0
2, 47880, Note_on_c, 0, 69, 79
2, 48060, Note_on_c, 0, 69, 0
2, 48060, Note_on_c, 0, 67, 91
2, 48240, Note_on_c, 0, 67, 0
2, 48240, Note_on_c, 0, 45, 70
2, 48240, Note_on_c, 0, 57, 70
2, 48420, Note_on_c, 0, 57, 0
2, 48420, Note_on_c, 0, 45, 0
2, 48420, Note_on_c, 0, 43, 71
2, 48420, Note_on_c, 0, 55, 71
2, 48600, Note_on_c, 0, 55, 0
2, 48600, Note_on_c, 0, 43, 0
2, 48600, Note_on_c, 0, 33, 65
2, 48780, Note_on_c, 0, 33, 0
2, 48780, Note_on_c, 0, 31, 73
2, 48960, Note_on_c, 0, 31, 0
2, 48960, Note_on_c, 0, 70, 90
2, 48960, Note_on_c, 0, 82, 90
2, 48960, Note_on_c, 0, 45, 96
2, 48960, Note_on_c, 0, 52, 96
2, 48960, Note_on_c, 0, 55, 96
2, 48960, Note_on_c, 0, 61, 96
2, 49140, Note_on_c, 0, 61, 0
2, 49140, Note_on_c, 0, 82, 0
2, 49140, Note_on_c, 0, 45, 0
2, 49140, Note_on_c, 0, 70, 0
2, 49140, Note_on_c, 0, 55, 0
2, 49140, Note_on_c, 0, 52, 0
2, 49140, Note_on_c, 0, 69, 96
2, 49140, Note_on_c, 0, 81, 96
2, 49320, Note_on_c, 0, 81, 0
2, 49320, Note_on_c, 0, 69, 0
2, 49320, Note_on_c, 0, 70, 72
2, 49500, Note_on_c, 0, 70, 0
2, 49500, Note_on_c, 0, 69, 94
2, 49680, Note_on_c, 0, 69, 0
2, 49680, Note_on_c, 0, 77, 127
2, 49680, Note_on_c, 0, 89, 127
2, 49680, Note_on_c, 0, 41, 68
2, 49860, Note_on_c, 0, 41, 0
2, 49860, Note_on_c, 0, 89, 0
2, 49860, Note_on_c, 0, 77, 0
2, 49860, Note_on_c, 0, 74, 93
2, 49860, Note_on_c, 0, 86, 93
2, 49860, Note_on_c, 0, 50, 80
2, 49860, Note_on_c, 0, 57, 80
2, 50040, Note_on_c, 0, 57, 0
2, 50040, Note_on_c, 0, 74, 0
2, 50040, Note_on_c, 0, 86, 0
2, 50040, Note_on_c, 0, 50, 0
2, 50040, Note_on_c, 0, 72, 97
2, 50040, Note_on_c, 0, 84, 97
2, 50040, Note_on_c, 0, 42, 66
2, 50220, Note_on_c, 0, 42, 0
2, 50220, Note_on_c, 0, 51, 98
2, 50220, Note_on_c, 0, 60, 98
2, 50310, Note_on_c, 0, 84, 0
2, 50310, Note_on_c, 0, 72, 0
2, 50310, Note_on_c, 0, 68, 89
2, 50310, Note_on_c, 0, 80, 89
2, 50400, Note_on_c, 0, 80, 0
2, 50400, Note_on_c, 0, 60, 0
2, 50400, Note_on_c, 0, 51, 0
2, 50400, Note_on_c, 0, 68, 0
2, 50400, Note_on_c, 0, 67, 94
2, 50400, Note_on_c, 0, 79, 94
2, 50400, Note_on_c, 0, 43, 70
2, 50580, Note_on_c, 0, 43, 0
2, 50580, Note_on_c, 0, 79, 0
2, 50580, Note_on_c, 0, 67, 0
2, 50580, Note_on_c, 0, 76, 91
2, 50580, Note_on_c, 0, 52, 94
2, 50580, Note_on_c, 0, 60, 94
2, 50670, Note_on_c, 0, 76, 0
2, 50670, Note_on_c, 0, 77, 106
2, 50760, Note_on_c, 0, 77, 0
2, 50760, Note_on_c, 0, 60, 0
2, 50760, Note_on_c, 0, 52, 0
2, 50760, Note_on_c, 0, 76, 98
2, 50760, Note_on_c, 0, 44, 65
2, 50940, Note_on_c, 0, 44, 0
2, 50940, Note_on_c, 0, 76, 0
2, 50940, Note_on_c, 0, 76, 102
2, 50940, Note_on_c, 0, 52, 95
2, 50940, Note_on_c, 0, 62, 95
2, 51030, Note_on_c, 0, 76, 0
2, 51030, Note_on_c, 0, 77, 107
2, 51120, Note_on_c, 0, 77, 0
2, 51120, Note_on_c, 0, 62, 0
2, 51120, Note_on_c, 0, 52, 0
2, 51120, Note_on_c, 0, 76, 99
2, 51120, Note_on_c, 0, 45, 71
2, 51300, Note_on_c, 0, 45, 0
2, 51300, Note_on_c, 0, 76, 0
2, 51300, Note_on_c, 0, 79, 109
2, 51300, Note_on_c, 0, 52, 92
2, 51300, Note_on_c, 0, 60, 92
2, 51390, Note_on_c, 0, 79, 0
2, 51390, Note_on_c, 0, 81, 108
2, 51480, Note_on_c, 0, 81, 0
2, 51480, Note_on_c, 0, 60, 0
2, 51480, Note_on_c, 0, 52, 0
2, 51480, Note_on_c, 0, 79, 94
2, 51480, Note_on_c, 0, 47, 68
2, 51660, Note_on_c, 0, 47, 0
2, 51660, Note_on_c, 0, 79, 0
2, 51660, Note_on_c, 0, 79, 101
2, 51660, Note_on_c, 0, 55, 94
2, 51660, Note_on_c, 0, 62, 94
2, 51750, Note_on_c, 0, 79, 0
2, 51750, Note_on_c, 0, 81, 107
2, 51840, Note_on_c, 0, 81, 0
2, 51840, Note_on_c, 0, 62, 0
2, 51840, Note_on_c, 0, 55, 0
2, 51840, Note_on_c, 0, 79, 94
2, 51840, Note_on_c, 0, 48, 72
2, 52020, Note_on_c, 0, 48, 0
2, 52020, Note_on_c, 0, 79, 0
2, 52020, Note_on_c, 0, 88, 125
2, 52020, Note_on_c, 0, 55, 94
2, 52020, Note_on_c, 0, 64, 94
2, 52200, Note_on_c, 0, 64, 0
2, 52200, Note_on_c, 0, 55, 0
2, 52200, Note_on_c, 0, 88, 0
2, 52200, Note_on_c, 0, 86, 102
2, 52200, Note_on_c, 0, 53, 71
2, 52290, Note_on_c, 0, 86, 0
2, 52290, Note_on_c, 0, 84, 98
2, 52380, Note_on_c, 0, 84, 0
2, 52380, Note_on_c, 0, 53, 0
2, 52380, Note_on_c, 0, 81, 93
2, 52380, Note_on_c, 0, 57, 94
2, 52380, Note_on_c, 0, 62, 94
2, 52470, Note_on_c, 0, 81, 0
2, 52470, Note_on_c, 0, 77, 88
2, 52560, Note_on_c, 0, 77, 0
2, 52560, Note_on_c, 0, 62, 0
2, 52560, Note_on_c, 0, 57, 0
2, 52560, Note_on_c, 0, 76, 99
2, 52560, Note_on_c, 0, 55, 84
2, 52560, Note_on_c, 0, 60, 84
2, 52560, Note_on_c, 0, 64, 84
2, 52740, Note_on_c, 0, 64, 0
2, 52740, Note_on_c, 0, 76, 0
2, 52740, Note_on_c, 0, 55, 0
2, 52740, Note_on_c, 0, 60, 0
2, 52740, Note_on_c, 0, 81, 112
2, 52740, Note_on_c, 0, 54, 74
2, 52740, Note_on_c, 0, 60, 74
2, 52740, Note_on_c, 0, 63, 74
2, 52920, Note_on_c, 0, 63, 0
2, 52920, Note_on_c, 0, 81, 0
2, 52920, Note_on_c, 0, 54, 0
2, 52920, Note_on_c, 0, 60, 0
2, 52920, Note_on_c, 0, 79, 98
2, 52920, Note_on_c, 0, 43, 70
2, 52920, Note_on_c, 0, 53, 70
2, 52920, Note_on_c, 0, 59, 70
2, 52920, Note_on_c, 0, 62, 70
2, 53280, Note_on_c, 0, 62, 0
2, 53280, Note_on_c, 0, 53, 0
2, 53280, Note_on_c, 0, 79, 0
2, 53280, Note_on_c, 0, 43, 0
2, 53280, Note_on_c, 0, 59, 0
2, 53280, Note_on_c, 0, 72, 86
2, 53280, Note_on_c, 0, 48, 69
2, 53280, Note_on_c, 0, 52, 69
2, 53280, Note_on_c, 0, 55, 69
2, 53280, Note_on_c, 0, 60, 69
2, 53460, Note_on_c, 0, 60, 0
2, 53460, Note_on_c, 0, 52, 0
2, 53460, Note_on_c, 0, 72, 0
2, 53460, Note_on_c, 0, 48, 0
2, 53460, Note_on_c, 0, 55, 0
2, 53460, Note_on_c, 0, 79, 118
2, 53640, Note_on_c, 0, 79, 0
2, 53640, Note_on_c, 0, 69, 84
2, 53640, Note_on_c, 0, 53, 73
2, 53820, Note_on_c, 0, 53, 0
2, 53820, Note_on_c, 0, 69, 0
2, 53820, Note_on_c, 0, 71, 106
2, 53820, Note_on_c, 0, 50, 71
2, 54000, Note_on_c, 0, 50, 0
2, 54000, Note_on_c, 0, 71, 0
2, 54000, Note_on_c, 0, 72, 109
2, 54000, Note_on_c, 0, 48, 89
2, 54000, Note_on_c, 0, 52, 89
2, 54000, Note_on_c, 0, 55, 89
2, 54000, Note_on_c, 0, 60, 89
2, 54180, Note_on_c, 0, 60, 0
2, 54180, Note_on_c, 0, 52, 0
2, 54180, Note_on_c, 0, 72, 0
2, 54180, Note_on_c, 0, 48, 0
2, 54180, Note_on_c, 0, 55, 0
2, 54180, Note_on_c, 0, 79, 124
2, 54360, Note_on_c, 0, 79, 0
2, 54360, Note_on_c, 0, 69, 84
2, 54360, Note_on_c, 0, 53, 71
2, 54540, Note_on_c, 0, 53, 0
2, 54540, Note_on_c, 0, 69, 0
2, 54540, Note_on_c, 0, 71, 106
2, 54540, Note_on_c, 0, 50, 72
2, 54720, Note_on_c, 0, 50, 0
2, 54720, Note_on_c, 0, 71, 0
2, 54720, Note_on_c, 0, 74, 112
2, 54720, Note_on_c, 0, 48, 84
2, 54720, Note_on_c, 0, 52, 84
2, 54720, Note_on_c, 0, 55, 84
2, 54810, Note_on_c, 0, 74, 0
2, 54810, Note_on_c, 0, 72, 101
2, 54900, Note_on_c, 0, 72, 0
2, 54900, Note_on_c, 0, 55, 0
2, 54900, Note_on_c, 0, 52, 0
2, 54900, Note_on_c, 0, 48, 0
2, 54900, Note_on_c, 0, 79, 120
2, 54900, Note_on_c, 0, 43, 75
2, 54900, Note_on_c, 0, 50, 75
2, 54900, Note_on_c, 0, 53, 75
2, 54900, Note_on_c, 0, 55, 75
2, 54990, Note_on_c, 0, 79, 0
2, 54990, Note_on_c, 0, 71, 88
2, 55080, Note_on_c, 0, 71, 0
2, 55080, Note_on_c, 0, 55, 0
2, 55080, Note_on_c, 0, 43, 0
2, 55080, Note_on_c, 0, 50, 0
2, 55080, Note_on_c, 0, 53, 0
2, 55080, Note_on_c, 0, 74, 110
2, 55080, Note_on_c, 0, 48, 76
2, 55080, Note_on_c, 0, 52, 76
2, 55080, Note_on_c, 0, 55, 76
2, 55170, Note_on_c, 0, 74, 0
2, 55170, Note_on_c, 0, 72, 97
2, 55260, Note_on_c, 0, 72, 0
2, 55260, Note_on_c, 0, 55, 0
2, 55260, Note_on_c, 0, 52, 0
2, 55260, Note_on_c, 0, 48, 0
2, 55260, Note_on_c, 0, 79, 120
2, 55260, Note_on_c, 0, 43, 74
2, 55260, Note_on_c, 0, 50, 74
2, 55260, Note_on_c, 0, 53, 74
2, 55260, Note_on_c, 0, 55, 74
2, 55350, Note_on_c, 0, 79, 0
2, 55350, Note_on_c, 0, 71, 87
2, 55440, Note_on_c, 0, 71, 0
2, 55440, Note_on_c, 0, 55, 0
2, 55440, Note_on_c, 0, 43, 0
2, 55440, Note_on_c, 0, 50, 0
2, 55440, Note_on_c, 0, 53, 0
2, 55440, Note_on_c, 0, 74, 111
2, 55440, Note_on_c, 0, 48, 86
2, 55440, Note_on_c, 0, 52, 86
2, 55440, Note_on_c, 0, 55, 86
2, 55440, Note_on_c, 0, 60, 86
2, 55530, Note_on_c, 0, 74, 0
2, 55530, Note_on_c, 0, 72, 95
2, 55620, Note_on_c, 0, 72, 0
2, 55620, Note_on_c, 0, 60, 0
2, 55620, Note_on_c, 0, 48, 0
2, 55620, Note_on_c, 0, 52, 0
2, 55620, Note_on_c, 0, 55, 0
2, 55620, Note_on_c, 0, 76, 114
2, 55620, Note_on_c, 0, 43, 70
2, 55710, Note_on_c, 0, 76, 0
2, 55710, Note_on_c, 0, 79, 111
2, 55800, Note_on_c, 0, 79, 0
2, 55800, Note_on_c, 0, 43, 0
2, 55800, Note_on_c, 0, 72, 115
2, 55800, Note_on_c, 0, 76, 115
2, 55800, Note_on_c, 0, 79, 115
2, 55800, Note_on_c, 0, 84, 115
2, 55800, Note_on_c, 0, 36, 81
2, 55800, Note_on_c, 0, 48, 81
2, 55980, Note_on_c, 0, 48, 0
2, 55980, Note_on_c, 0, 76, 0
2, 55980, Note_on_c, 0, 79, 0
2, 55980, Note_on_c, 0, 72, 0
2, 55980, Note_on_c, 0, 36, 0
2, 55980, Note_on_c, 0, 84, 0
2, 56160, Note_on_c, 0, 64, 62
2, 56160, Note_on_c, 0, 58, 62
2, 56160, Note_on_c, 0, 61, 62
2, 56340, Note_on_c, 0, 61, 0
2, 56340, Note_on_c, 0, 58, 0
2, 56340, Note_on_c, 0, 64, 0
2, 56340, Note_on_c, 0, 65, 70
2, 56520, Note_on_c, 0, 65, 0
2, 56520, Note_on_c, 0, 73, 78
2, 56700, Note_on_c, 0, 58, 61
2, 56700, Note_on_c, 0, 63, 61
2, 56880, Note_on_c, 0, 63, 0
2, 56880, Note_on_c, 0, 58, 0
2, 56880, Note_on_c, 0, 73, 0
2, 56880, Note_on_c, 0, 71, 64
2, 57060, Note_on_c, 0, 71, 0
2, 57060, Note_on_c, 0, 72, 68
2, 57240, Note_on_c, 0, 58, 59
2, 57240, Note_on_c, 0, 63, 59
2, 57240, Note_on_c, 0, 69, 59
2, 57420, Note_on_c, 0, 69, 0
2, 57420, Note_on_c, 0, 72, 0
2, 57420, Note_on_c, 0, 58, 0
2, 57420, Note_on_c, 0, 63, 0
2, 57420, Note_on_c, 0, 77, 72
2, 57600, Note_on_c, 0, 77, 0
2, 57600, Note_on_c, 0, 78, 69
2, 57780, Note_on_c, 0, 58, 56
2, 57780, Note_on_c, 0, 61, 56
2, 57780, Note_on_c, 0, 70, 56
2, 57960, Note_on_c, 0, 70, 0
2, 57960, Note_on_c, 0, 78, 0
2, 57960, Note_on_c, 0, 58, 0
2, 57960, Note_on_c, 0, 61, 0
2, 57960, Note_on_c, 0, 76, 61
2, 58140, Note_on_c, 0, 76, 0
2, 58140, Note_on_c, 0, 77, 67
2, 58320, Note_on_c, 0, 77, 0
2, 58320, Note_on_c, 0, 83, 75
2, 58320, Note_on_c, 0, 58, 57
2, 58320, Note_on_c, 0, 68, 57
2, 58500, Note_on_c, 0, 68, 0
2, 58500, Note_on_c, 0, 58, 0
2, 58500, Note_on_c, 0, 83, 0
2, 58500, Note_on_c, 0, 75, 54
2, 58500, Note_on_c, 0, 66, 59
2, 58680, Note_on_c, 0, 66, 0
2, 58680, Note_on_c, 0, 75, 0
2, 58680, Note_on_c, 0, 74, 60
2, 58680, Note_on_c, 0, 65, 56
2, 58860, Note_on_c, 0, 65, 0
2, 58860, Note_on_c, 0, 58, 66
2, 58860, Note_on_c, 0, 63, 66
2, 58860, Note_on_c, 0, 66, 66
2, 59040, Note_on_c, 0, 66, 0
2, 59040, Note_on_c, 0, 74, 0
2, 59040, Note_on_c, 0, 58, 0
2, 59040, Note_on_c, 0, 63, 0
2, 59040, Note_on_c, 0, 75, 69
2, 59220, Note_on_c, 0, 75, 0
2, 59220, Note_on_c, 0, 78, 71
2, 59400, Note_on_c, 0, 58, 61
2, 59400, Note_on_c, 0, 63, 61
2, 59580, Note_on_c, 0, 63, 0
2, 59580, Note_on_c, 0, 58, 0
2, 59580, Note_on_c, 0, 78, 0
2, 59580, Note_on_c, 0, 70, 54
2, 59580, Note_on_c, 0, 61, 63
2, 59760, Note_on_c, 0, 61, 0
2, 59760, Note_on_c, 0, 70, 0
2, 59760, Note_on_c, 0, 69, 64
2, 59760, Note_on_c, 0, 60, 64
2, 59940, Note_on_c, 0, 60, 0
2, 59940, Note_on_c, 0, 58, 67
2, 59940, Note_on_c, 0, 61, 67
2, 60120, Note_on_c, 0, 61, 0
2, 60120, Note_on_c, 0, 58, 0
2, 60120, Note_on_c, 0, 69, 0
2, 60120, Note_on_c, 0, 70, 70
2, 60300, Note_on_c, 0, 70, 0
2, 60300, Note_on_c, 0, 73, 75
2, 60480, Note_on_c, 0, 73, 0
2, 60480, Note_on_c, 0, 64, 52
2, 60480, Note_on_c, 0, 58, 60
2, 60480, Note_on_c, 0, 61, 60
2, 60660, Note_on_c, 0, 61, 0
2, 60660, Note_on_c, 0, 58, 0
2, 60660, Note_on_c, 0, 57, 58
2, 60660, Note_on_c, 0, 60, 58
2, 60840, Note_on_c, 0, 60, 0
2, 60840, Note_on_c, 0, 57, 0
2, 60840, Note_on_c, 0, 64, 0
2, 60840, Note_on_c, 0, 64, 65
2, 60840, Note_on_c, 0, 55, 60
2, 60840, Note_on_c, 0, 58, 60
2, 61020, Note_on_c, 0, 58, 0
2, 61020, Note_on_c, 0, 55, 0
2, 61020, Note_on_c, 0, 64, 0
2, 61020, Note_on_c, 0, 65, 67
2, 61020, Note_on_c, 0, 53, 66
2, 61020, Note_on_c, 0, 57, 66
2, 61200, Note_on_c, 0, 65, 0
2, 61200, Note_on_c, 0, 69, 68
2, 61380, Note_on_c, 0, 69, 0
2, 61380, Note_on_c, 0, 57, 0
2, 61380, Note_on_c, 0, 53, 0
2, 61380, Note_on_c, 0, 72, 69
2, 61560, Note_on_c, 0, 72, 0
2, 61560, Note_on_c, 0, 74, 71
2, 61560, Note_on_c, 0, 68, 61
2, 61560, Note_on_c, 0, 71, 61
2, 61740, Note_on_c, 0, 71, 0
2, 61740, Note_on_c, 0, 68, 0
2, 61740, Note_on_c, 0, 66, 58
2, 61740, Note_on_c, 0, 70, 58
2, 61920, Note_on_c, 0, 70, 0
2, 61920, Note_on_c, 0, 66, 0
2, 61920, Note_on_c, 0, 74, 0
2, 61920, Note_on_c, 0, 74, 73
2, 61920, Note_on_c, 0, 65, 62
2, 61920, Note_on_c, 0, 68, 62
2, 62100, Note_on_c, 0, 68, 0
2, 62100, Note_on_c, 0, 65, 0
2, 62100, Note_on_c, 0, 74, 0
2, 62100, Note_on_c, 0, 75, 74
2, 62100, Note_on_c, 0, 63, 61
2, 62100, Note_on_c, 0, 66, 61
2, 62280, Note_on_c, 0, 75, 0
2, 62280, Note_on_c, 0, 78, 76
2, 62460, Note_on_c, 0, 78, 0
2, 62460, Note_on_c, 0, 66, 0
2, 62460, Note_on_c, 0, 63, 0
2, 62460, Note_on_c, 0, 82, 77
2, 62640, Note_on_c, 0, 82, 0
2, 62640, Note_on_c, 0, 69, 78
2, 62640, Note_on_c, 0, 63, 59
2, 62640, Note_on_c, 0, 66, 59
2, 62730, Note_on_c, 0, 69, 0
2, 62730, Note_on_c, 0, 70, 79
2, 62820, Note_on_c, 0, 70, 0
2, 62820, Note_on_c, 0, 66, 0
2, 62820, Note_on_c, 0, 63, 0
2, 62820, Note_on_c, 0, 72, 79
2, 62820, Note_on_c, 0, 60, 61
2, 62820, Note_on_c, 0, 63, 61
2, 62910, Note_on_c, 0, 72, 0
2, 62910, Note_on_c, 0, 73, 80
2, 63000, Note_on_c, 0, 73, 0
2, 63000, Note_on_c, 0, 63, 0
2, 63000, Note_on_c, 0, 60, 0
2, 63000, Note_on_c, 0, 75, 81
2, 63000, Note_on_c, 0, 58, 55
2, 63000, Note_on_c, 0, 61, 55
2, 63090, Note_on_c, 0, 75, 0
2, 63090, Note_on_c, 0, 77, 81
2, 63180, Note_on_c, 0, 77, 0
2, 63180, Note_on_c, 0, 61, 0
2, 63180, Note_on_c, 0, 58, 0
2, 63180, Note_on_c, 0, 78, 82
2, 63180, Note_on_c, 0, 57, 61
2, 63180, Note_on_c, 0, 60, 61
2, 63360, Note_on_c, 0, 78, 0
2, 63360, Note_on_c, 0, 77, 83
2, 63540, Note_on_c, 0, 77, 0
2, 63540, Note_on_c, 0, 60, 0
2, 63540, Note_on_c, 0, 57, 0
2, 63540, Note_on_c, 0, 75, 85
2, 63720, Note_on_c, 0, 75, 0
2, 63720, Note_on_c, 0, 73, 86
2, 63720, Note_on_c, 0, 58, 60
2, 63720, Note_on_c, 0, 61, 60
2, 63755, Note_on_c, 0, 73, 0
2, 63765, Note_on_c, 0, 75, 86
2, 63800, Note_on_c, 0, 75, 0
2, 63810, Note_on_c, 0, 73, 86
2, 63845, Note_on_c, 0, 73, 0
2, 63855, Note_on_c, 0, 75, 87
2, 63890, Note_on_c, 0, 75, 0
2, 63900, Note_on_c, 0, 75, 87
2, 64080, Note_on_c, 0, 61, 0
2, 64080, Note_on_c, 0, 58, 0
2, 64080, Note_on_c, 0, 53, 67
2, 64080, Note_on_c, 0, 57, 67
2, 64080, Note_on_c, 0, 63, 67
2, 64170, Note_on_c, 0, 75, 0
2, 64170, Note_on_c, 0, 72, 89
2, 64260, Note_on_c, 0, 72, 0
2, 64260, Note_on_c, 0, 63, 0
2, 64260, Note_on_c, 0, 57, 0
2, 64260, Note_on_c, 0, 53, 0
2, 64260, Note_on_c, 0, 70, 90
2, 64260, Note_on_c, 0, 46, 57
2, 64260, Note_on_c, 0, 53, 57
2, 64260, Note_on_c, 0, 58, 57
2, 64260, Note_on_c, 0, 61, 57
2, 64440, Note_on_c, 0, 61, 0
2, 64440, Note_on_c, 0, 53, 0
2, 64440, Note_on_c, 0, 70, 0
2, 64440, Note_on_c, 0, 46, 0
2, 64440, Note_on_c, 0, 58, 0
2, 64620, Note_on_c, 0, 68, 90
2, 64800, Note_on_c, 0, 68, 0
2, 64800, Note_on_c, 0, 73, 113
2, 64800, Note_on_c, 0, 49, 64
2, 64800, Note_on_c, 0, 53, 64
2, 64800, Note_on_c, 0, 61, 64
2, 64980, Note_on_c, 0, 73, 0
2, 64980, Note_on_c, 0, 68, 91
2, 65160, Note_on_c, 0, 68, 0
2, 65160, Note_on_c, 0, 61, 0
2, 65160, Note_on_c, 0, 53, 0
2, 65160, Note_on_c, 0, 49, 0
2, 65160, Note_on_c, 0, 68, 98
2, 65340, Note_on_c, 0, 68, 0
2, 65340, Note_on_c, 0, 73, 116
2, 65340, Note_on_c, 0, 49, 56
2, 65340, Note_on_c, 0, 53, 56
2, 65340, Note_on_c, 0, 61, 56
2, 65520, Note_on_c, 0, 73, 0
2, 65520, Note_on_c, 0, 68, 95
2, 65700, Note_on_c, 0, 68, 0
2, 65700, Note_on_c, 0, 61, 0
2, 65700, Note_on_c, 0, 53, 0
2, 65700, Note_on_c, 0, 49, 0
2, 65700, Note_on_c, 0, 68, 102
2, 65880, Note_on_c, 0, 68, 0
2, 65880, Note_on_c, 0, 73, 115
2, 65880, Note_on_c, 0, 49, 62
2, 65880, Note_on_c, 0, 53, 62
2, 65880, Note_on_c, 0, 61, 62
2, 66060, Note_on_c, 0, 61, 0
2, 66060, Note_on_c, 0, 53, 0
2, 66060, Note_on_c, 0, 49, 0
2, 66060, Note_on_c, 0, 49, 64
2, 66060, Note_on_c, 0, 53, 64
2, 66060, Note_on_c, 0, 61, 64
2, 66240, Note_on_c, 0, 61, 0
2, 66240, Note_on_c, 0, 53, 0
2, 66240, Note_on_c, 0, 49, 0
2, 66240, Note_on_c, 0, 49, 71
2, 66240, Note_on_c, 0, 53, 71
2, 66240, Note_on_c, 0, 61, 71
2, 66420, Note_on_c, 0, 61, 0
2, 66420, Note_on_c, 0, 73, 0
2, 66420, Note_on_c, 0, 49, 0
2, 66420, Note_on_c, 0, 53, 0
2, 66420, Note_on_c, 0, 68, 91
2, 66420, Note_on_c, 0, 49, 63
2, 66420, Note_on_c, 0, 53, 63
2, 66420, Note_on_c, 0, 61, 63
2, 66600, Note_on_c, 0, 61, 0
2, 66600, Note_on_c, 0, 68, 0
2, 66600, Note_on_c, 0, 49, 0
2, 66600, Note_on_c, 0, 53, 0
2, 66780, Note_on_c, 0, 77, 95
2, 66960, Note_on_c, 0, 77, 0
2, 66960, Note_on_c, 0, 75, 99
2, 66960, Note_on_c, 0, 49, 60
2, 66960, Note_on_c, 0, 54, 60
2, 66960, Note_on_c, 0, 56, 60
2, 66960, Note_on_c, 0, 60, 60
2, 67140, Note_on_c, 0, 75, 0
2, 67140, Note_on_c, 0, 72, 99
2, 67320, Note_on_c, 0, 72, 0
2, 67320, Note_on_c, 0, 70, 96
2, 67500, Note_on_c, 0, 70, 0
2, 67500, Note_on_c, 0, 56, 0
2, 67500, Note_on_c, 0, 49, 0
2, 67500, Note_on_c, 0, 54, 0
2, 67500, Note_on_c, 0, 60, 0
2, 67500, Note_on_c, 0, 68, 95
2, 67500, Note_on_c, 0, 49, 64
2, 67500, Note_on_c, 0, 54, 64
2, 67500, Note_on_c, 0, 56, 64
2, 67500, Note_on_c, 0, 60, 64
2, 67680, Note_on_c, 0, 68, 0
2, 67680, Note_on_c, 0, 75, 121
2, 67860, Note_on_c, 0, 75, 0
2, 67860, Note_on_c, 0, 80, 113
2, 68040, Note_on_c, 0, 80, 0
2, 68040, Note_on_c, 0, 56, 0
2, 68040, Note_on_c, 0, 49, 0
2, 68040, Note_on_c, 0, 54, 0
2, 68040, Note_on_c, 0, 60, 0
2, 68040, Note_on_c, 0, 78, 97
2, 68040, Note_on_c, 0, 49, 63
2, 68040, Note_on_c, 0, 54, 63
2, 68040, Note_on_c, 0, 56, 63
2, 68040, Note_on_c, 0, 60, 63
2, 68220, Note_on_c, 0, 60, 0
2, 68220, Note_on_c, 0, 54, 0
2, 68220, Note_on_c, 0, 56, 0
2, 68220, Note_on_c, 0, 49, 0
2, 68220, Note_on_c, 0, 49, 65
2, 68220, Note_on_c, 0, 54, 65
2, 68220, Note_on_c, 0, 56, 65
2, 68220, Note_on_c, 0, 60, 65
2, 68400, Note_on_c, 0, 60, 0
2, 68400, Note_on_c, 0, 54, 0
2, 68400, Note_on_c, 0, 56, 0
2, 68400, Note_on_c, 0, 49, 0
2, 68400, Note_on_c, 0, 49, 66
2, 68400, Note_on_c, 0, 54, 66
2, 68400, Note_on_c, 0, 56, 66
2, 68400, Note_on_c, 0, 60, 66
2, 68580, Note_on_c, 0, 60, 0
2, 68580, Note_on_c, 0, 54, 0
2, 68580, Note_on_c, 0, 78, 0
2, 68580, Note_on_c, 0, 49, 0
2, 68580, Note_on_c, 0, 56, 0
2, 68580, Note_on_c, 0, 77, 98
2, 68580, Note_on_c, 0, 49, 70
2, 68580, Note_on_c, 0, 53, 70
2, 68580, Note_on_c, 0, 56, 70
2, 68580, Note_on_c, 0, 61, 70
2, 68760, Note_on_c, 0, 77, 0
2, 68940, Note_on_c, 0, 56, 0
2, 68940, Note_on_c, 0, 49, 0
2, 68940, Note_on_c, 0, 53, 0
2, 68940, Note_on_c, 0, 61, 0
2, 68940, Note_on_c, 0, 68, 89
2, 69120, Note_on_c, 0, 68, 0
2, 69120, Note_on_c, 0, 73, 111
2, 69120, Note_on_c, 0, 49, 59
2, 69120, Note_on_c, 0, 53, 59
2, 69120, Note_on_c, 0, 61, 59
2, 69300, Note_on_c, 0, 73, 0
2, 69300, Note_on_c, 0, 68, 90
2, 69480, Note_on_c, 0, 68, 0
2, 69480, Note_on_c, 0, 61, 0
2, 69480, Note_on_c, 0, 53, 0
2, 69480, Note_on_c, 0, 49, 0
2, 69480, Note_on_c, 0, 68, 103
2, 69660, Note_on_c, 0, 68, 0
2, 69660, Note_on_c, 0, 73, 115
2, 69660, Note_on_c, 0, 49, 58
2, 69660, Note_on_c, 0, 53, 58
2, 69660, Note_on_c, 0, 61, 58
2, 69840, Note_on_c, 0, 73, 0
2, 69840, Note_on_c, 0, 68, 95
2, 70020, Note_on_c, 0, 68, 0
2, 70020, Note_on_c, 0, 61, 0
2, 70020, Note_on_c, 0, 53, 0
2, 70020, Note_on_c, 0, 49, 0
2, 70020, Note_on_c, 0, 68, 99
2, 70200, Note_on_c, 0, 68, 0
2, 70200, Note_on_c, 0, 73, 113
2, 70200, Note_on_c, 0, 46, 58
2, 70200, Note_on_c, 0, 53, 58
2, 70200, Note_on_c, 0, 55, 58
2, 70380, Note_on_c, 0, 55, 0
2, 70380, Note_on_c, 0, 53, 0
2, 70380, Note_on_c, 0, 46, 0
2, 70380, Note_on_c, 0, 46, 68
2, 70380, Note_on_c, 0, 53, 68
2, 70380, Note_on_c, 0, 55, 68
2, 70560, Note_on_c, 0, 55, 0
2, 70560, Note_on_c, 0, 53, 0
2, 70560, Note_on_c, 0, 46, 0
2, 70560, Note_on_c, 0, 46, 65
2, 70560, Note_on_c, 0, 53, 65
2, 70560, Note_on_c, 0, 55, 65
2, 70740, Note_on_c, 0, 55, 0
2, 70740, Note_on_c, 0, 73, 0
2, 70740, Note_on_c, 0, 46, 0
2, 70740, Note_on_c, 0, 53, 0
2, 70740, Note_on_c, 0, 67, 87
2, 70740, Note_on_c, 0, 46, 65
2, 70740, Note_on_c, 0, 53, 65
2, 70740, Note_on_c, 0, 55, 65
2, 70920, Note_on_c, 0, 55, 0
2, 70920, Note_on_c, 0, 67, 0
2, 70920, Note_on_c, 0, 46, 0
2, 70920, Note_on_c, 0, 53, 0
2, 71100, Note_on_c, 0, 73, 94
2, 71280, Note_on_c, 0, 73, 0
2, 71280, Note_on_c, 0, 72, 99
2, 71280, Note_on_c, 0, 48, 55
2, 71280, Note_on_c, 0, 53, 55
2, 71280, Note_on_c, 0, 57, 55
2, 71460, Note_on_c, 0, 72, 0
2, 71460, Note_on_c, 0, 77, 122
2, 71640, Note_on_c, 0, 77, 0
2, 71640, Note_on_c, 0, 57, 0
2, 71640, Note_on_c, 0, 53, 0
2, 71640, Note_on_c, 0, 48, 0
2, 71640, Note_on_c, 0, 69, 84
2, 71820, Note_on_c, 0, 69, 0
2, 71820, Note_on_c, 0, 67, 96
2, 71820, Note_on_c, 0, 48, 56
2, 71820, Note_on_c, 0, 52, 56
2, 71820, Note_on_c, 0, 55, 56
2, 72000, Note_on_c, 0, 67, 0
2, 72000, Note_on_c, 0, 72, 113
2, 72180, Note_on_c, 0, 72, 0
2, 72180, Note_on_c, 0, 55, 0
2, 72180, Note_on_c, 0, 52, 0
2, 72180, Note_on_c, 0, 48, 0
2, 72180, Note_on_c, 0, 60, 78
2, 72360, Note_on_c, 0, 60, 0
2, 72360, Note_on_c, 0, 65, 111
2, 72360, Note_on_c, 0, 53, 60
2, 72720, Note_on_c, 0, 53, 0
2, 73080, Note_on_c, 0, 65, 0
2, 73080, Note_on_c, 0, 65, 102
2, 73260, Note_on_c, 0, 65, 0
2, 73260, Note_on_c, 0, 70, 116
2, 73440, Note_on_c, 0, 70, 0
2, 73440, Note_on_c, 0, 69, 100
2, 73440, Note_on_c, 0, 60, 57
2, 73440, Note_on_c, 0, 63, 57
2, 73620, Note_on_c, 0, 63, 0
2, 73620, Note_on_c, 0, 60, 0
2, 73620, Note_on_c, 0, 69, 0
2, 73620, Note_on_c, 0, 70, 110
2, 73620, Note_on_c, 0, 61, 69
2, 73620, Note_on_c, 0, 65, 69
2, 73800, Note_on_c, 0, 65, 0
2, 73800, Note_on_c, 0, 61, 0
2, 73800, Note_on_c, 0, 70, 0
2, 73800, Note_on_c, 0, 78, 122
2, 73800, Note_on_c, 0, 63, 65
2, 73980, Note_on_c, 0, 63, 0
2, 73980, Note_on_c, 0, 69, 94
2, 73980, Note_on_c, 0, 60, 61
2, 73980, Note_on_c, 0, 63, 61
2, 74160, Note_on_c, 0, 78, 0
2, 74160, Note_on_c, 0, 76, 102
2, 74340, Note_on_c, 0, 76, 0
2, 74340, Note_on_c, 0, 77, 106
2, 74520, Note_on_c, 0, 77, 0
2, 74520, Note_on_c, 0, 69, 0
2, 74520, Note_on_c, 0, 60, 0
2, 74520, Note_on_c, 0, 63, 0
2, 74520, Note_on_c, 0, 75, 95
2, 74520, Note_on_c, 0, 70, 112
2, 74520, Note_on_c, 0, 58, 72
2, 74520, Note_on_c, 0, 65, 72
2, 74700, Note_on_c, 0, 75, 0
2, 74700, Note_on_c, 0, 72, 94
2, 74880, Note_on_c, 0, 72, 0
2, 74880, Note_on_c, 0, 73, 102
2, 75060, Note_on_c, 0, 73, 0
2, 75060, Note_on_c, 0, 70, 0
2, 75060, Note_on_c, 0, 58, 0
2, 75060, Note_on_c, 0, 65, 0
2, 75060, Note_on_c, 0, 73, 104
2, 75060, Note_on_c, 0, 68, 99
2, 75060, Note_on_c, 0, 53, 59
2, 75060, Note_on_c, 0, 61, 59
2, 75240, Note_on_c, 0, 73, 0
2, 75240, Note_on_c, 0, 72, 95
2, 75420, Note_on_c, 0, 72, 0
2, 75420, Note_on_c, 0, 73, 104
2, 75600, Note_on_c, 0, 73, 0
2, 75600, Note_on_c, 0, 68, 0
2, 75600, Note_on_c, 0, 53, 0
2, 75600, Note_on_c, 0, 61, 0
2, 75600, Note_on_c, 0, 71, 94
2, 75600, Note_on_c, 0, 66, 95
2, 75600, Note_on_c, 0, 54, 66
2, 75600, Note_on_c, 0, 61, 66
2, 75780, Note_on_c, 0, 71, 0
2, 75780, Note_on_c, 0, 69, 94
2, 75960, Note_on_c, 0, 69, 0
2, 75960, Note_on_c, 0, 70, 106
2, 76140, Note_on_c, 0, 70, 0
2, 76140, Note_on_c, 0, 66, 0
2, 76140, Note_on_c, 0, 54, 0
2, 76140, Note_on_c, 0, 61, 0
2, 76140, Note_on_c, 0, 73, 108
2, 76140, Note_on_c, 0, 66, 101
2, 76140, Note_on_c, 0, 51, 72
2, 76140, Note_on_c, 0, 63, 72
2, 76320, Note_on_c, 0, 73, 0
2, 76320, Note_on_c, 0, 75, 110
2, 76500, Note_on_c, 0, 75, 0
2, 76500, Note_on_c, 0, 73, 94
2, 76680, Note_on_c, 0, 73, 0
2, 76680, Note_on_c, 0, 66, 0
2, 76680, Note_on_c, 0, 51, 0
2, 76680, Note_on_c, 0, 63, 0
2, 76680, Note_on_c, 0, 65, 91
2, 76680, Note_on_c, 0, 70, 91
2, 76680, Note_on_c, 0, 53, 62
2, 76680, Note_on_c, 0, 61, 62
2, 77040, Note_on_c, 0, 61, 0
2, 77040, Note_on_c, 0, 65, 0
2, 77040, Note_on_c, 0, 70, 0
2, 77040, Note_on_c, 0, 53, 0
2, 77040, Note_on_c, 0, 63, 97
2, 77040, Note_on_c, 0, 69, 97
2, 77040, Note_on_c, 0, 53, 60
2, 77040, Note_on_c, 0, 60, 60
2, 77220, Note_on_c, 0, 60, 0
2, 77220, Note_on_c, 0, 63, 0
2, 77220, Note_on_c, 0, 69, 0
2, 77220, Note_on_c, 0, 53, 0
2, 77220, Note_on_c, 0, 62, 111
2, 77220, Note_on_c, 0, 70, 111
2, 77220, Note_on_c, 0, 58, 62
2, 77580, Note_on_c, 0, 58, 0
2, 77580, Note_on_c, 0, 70, 0
2, 77580, Note_on_c, 0, 62, 0
2, 77580, Note_on_c, 0, 58, 90
2, 77580, Note_on_c, 0, 65, 90
2, 77580, Note_on_c, 0, 50, 58
2, 77760, Note_on_c, 0, 50, 0
2, 77760, Note_on_c, 0, 65, 0
2, 77760, Note_on_c, 0, 58, 0
2, 77760, Note_on_c, 0, 58, 103
2, 77760, Note_on_c, 0, 66, 103
2, 77760, Note_on_c, 0, 51, 63
2, 77940, Note_on_c, 0, 51, 0
2, 77940, Note_on_c, 0, 66, 0
2, 77940, Note_on_c, 0, 58, 0
2, 77940, Note_on_c, 0, 63, 114
2, 77940, Note_on_c, 0, 70, 114
2, 77940, Note_on_c, 0, 54, 70
2, 78120, Note_on_c, 0, 54, 0
2, 78120, Note_on_c, 0, 70, 0
2, 78120, Note_on_c, 0, 63, 0
2, 78120, Note_on_c, 0, 63, 98
2, 78120, Note_on_c, 0, 69, 98
2, 78120, Note_on_c, 0, 53, 60
2, 78300, Note_on_c, 0, 53, 0
2, 78300, Note_on_c, 0, 69, 0
2, 78300, Note_on_c, 0, 63, 0
2, 78300, Note_on_c, 0, 61, 102
2, 78300, Note_on_c, 0, 70, 102
2, 78300, Note_on_c, 0, 54, 67
2, 78480, Note_on_c, 0, 54, 0
2, 78480, Note_on_c, 0, 70, 0
2, 78480, Note_on_c, 0, 61, 0
2, 78480, Note_on_c, 0, 66, 109
2, 78480, Note_on_c, 0, 72, 109
2, 78480, Note_on_c, 0, 51, 70
2, 78660, Note_on_c, 0, 51, 0
2, 78660, Note_on_c, 0, 72, 0
2, 78660, Note_on_c, 0, 66, 0
2, 78660, Note_on_c, 0, 66, 114
2, 78660, Note_on_c, 0, 75, 114
2, 78660, Note_on_c, 0, 48, 64
2, 78840, Note_on_c, 0, 48, 0
2, 78840, Note_on_c, 0, 75, 0
2, 78840, Note_on_c, 0, 66, 0
2, 78840, Note_on_c, 0, 70, 94
2, 78840, Note_on_c, 0, 73, 94
2, 78840, Note_on_c, 0, 53, 69
2, 79380, Note_on_c, 0, 53, 0
2, 79380, Note_on_c, 0, 52, 61
2, 79920, Note_on_c, 0, 52, 0
2, 79920, Note_on_c, 0, 73, 0
2, 79920, Note_on_c, 0, 70, 0
2, 79920, Note_on_c, 0, 69, 96
2, 79920, Note_on_c, 0, 72, 96
2, 79920, Note_on_c, 0, 53, 67
2, 80280, Note_on_c, 0, 53, 0
2, 80280, Note_on_c, 0, 51, 60
2, 80460, Note_on_c, 0, 51, 0
2, 80460, Note_on_c, 0, 49, 63
2, 80820, Note_on_c, 0, 49, 0
2, 80820, Note_on_c, 0, 48, 67
2, 81000, Note_on_c, 0, 48, 0
2, 81000, Note_on_c, 0, 72, 0
2, 81000, Note_on_c, 0, 69, 0
2, 81000, Note_on_c, 0, 64, 51
2, 81000, Note_on_c, 0, 46, 85
2, 81180, Note_on_c, 0, 64, 0
2, 81180, Note_on_c, 0, 65, 62
2, 81270, Note_on_c, 0, 53, 57
2, 81360, Note_on_c, 0, 65, 0
2, 81360, Note_on_c, 0, 73, 80
2, 81540, Note_on_c, 0, 53, 0
2, 81540, Note_on_c, 0, 55, 66
2, 81720, Note_on_c, 0, 73, 0
2, 81720, Note_on_c, 0, 71, 64
2, 81810, Note_on_c, 0, 55, 0
2, 81810, Note_on_c, 0, 56, 67
2, 81900, Note_on_c, 0, 71, 0
2, 81900, Note_on_c, 0, 72, 68
2, 82080, Note_on_c, 0, 56, 0
2, 82080, Note_on_c, 0, 57, 62
2, 82260, Note_on_c, 0, 72, 0
2, 82260, Note_on_c, 0, 77, 73
2, 82350, Note_on_c, 0, 57, 0
2, 82350, Note_on_c, 0, 63, 75
2, 82440, Note_on_c, 0, 77, 0
2, 82440, Note_on_c, 0, 78, 64
2, 82620, Note_on_c, 0, 63, 0
2, 82620, Note_on_c, 0, 60, 62
2, 82800, Note_on_c, 0, 78, 0
2, 82800, Note_on_c, 0, 76, 61
2, 82890, Note_on_c, 0, 60, 0
2, 82890, Note_on_c, 0, 61, 68
2, 82980, Note_on_c, 0, 76, 0
2, 82980, Note_on_c, 0, 77, 67
2, 83160, Note_on_c, 0, 77, 0
2, 83160, Note_on_c, 0, 61, 0
2, 83160, Note_on_c, 0, 46, 0
2, 83160, Note_on_c, 0, 83, 72
2, 83160, Note_on_c, 0, 62, 69
2, 83160, Note_on_c, 0, 46, 86
2, 83160, Note_on_c, 0, 56, 86
2, 83340, Note_on_c, 0, 62, 0
2, 83340, Note_on_c, 0, 83, 0
2, 83340, Note_on_c, 0, 75, 58
2, 83340, Note_on_c, 0, 63, 70
2, 83520, Note_on_c, 0, 63, 0
2, 83520, Note_on_c, 0, 75, 0
2, 83520, Note_on_c, 0, 74, 58
2, 83520, Note_on_c, 0, 65, 66
2, 83700, Note_on_c, 0, 65, 0
2, 83700, Note_on_c, 0, 56, 0
2, 83700, Note_on_c, 0, 66, 66
2, 83700, Note_on_c, 0, 54, 78
2, 83880, Note_on_c, 0, 74, 0
2, 83880, Note_on_c, 0, 75, 68
2, 84060, Note_on_c, 0, 75, 0
2, 84060, Note_on_c, 0, 78, 72
2, 84240, Note_on_c, 0, 54, 0
2, 84240, Note_on_c, 0, 46, 0
2, 84240, Note_on_c, 0, 66, 0
2, 84240, Note_on_c, 0, 60, 58
2, 84240, Note_on_c, 0, 46, 82
2, 84240, Note_on_c, 0, 54, 82
2, 84420, Note_on_c, 0, 60, 0
2, 84420, Note_on_c, 0, 78, 0
2, 84420, Note_on_c, 0, 70, 54
2, 84420, Note_on_c, 0, 61, 65
2, 84600, Note_on_c, 0, 61, 0
2, 84600, Note_on_c, 0, 70, 0
2, 84600, Note_on_c, 0, 69, 58
2, 84600, Note_on_c, 0, 63, 67
2, 84780, Note_on_c, 0, 63, 0
2, 84780, Note_on_c, 0, 69, 0
2, 84780, Note_on_c, 0, 54, 0
2, 84780, Note_on_c, 0, 70, 69
2, 84780, Note_on_c, 0, 61, 63
2, 84780, Note_on_c, 0, 53, 80
2, 84960, Note_on_c, 0, 53, 0
2, 84960, Note_on_c, 0, 46, 0
2, 84960, Note_on_c, 0, 70, 0
2, 84960, Note_on_c, 0, 61, 0
2, 85320, Note_on_c, 0, 53, 96
2, 85320, Note_on_c, 0, 65, 96
2, 85320, Note_on_c, 0, 29, 91
2, 85320, Note_on_c, 0, 41, 91
2, 86220, Note_on_c, 0, 41, 0
2, 86220, Note_on_c, 0, 29, 0
2, 86310, Note_on_c, 0, 65, 0
2, 86310, Note_on_c, 0, 53, 0
2, 86310, Note_on_c, 0, 80, 81
2, 86400, Note_on_c, 0, 80, 0
2, 86400, Note_on_c, 0, 76, 62
2, 86670, Note_on_c, 0, 76, 0
2, 86670, Note_on_c, 0, 77, 66
2, 86760, Note_on_c, 0, 77, 0
2, 86760, Note_on_c, 0, 71, 52
2, 87030, Note_on_c, 0, 71, 0
2, 87030, Note_on_c, 0, 72, 64
2, 87120, Note_on_c, 0, 72, 0
2, 87120, Note_on_c, 0, 73, 70
2, 87120, Note_on_c, 0, 65, 58
2, 87120, Note_on_c, 0, 68, 58
2, 87390, Note_on_c, 0, 73, 0
2, 87390, Note_on_c, 0, 75, 73
2, 87480, Note_on_c, 0, 75, 0
2, 87480, Note_on_c, 0, 68, 0
2, 87480, Note_on_c, 0, 65, 0
2, 87480, Note_on_c, 0, 73, 62
2, 87480, Note_on_c, 0, 67, 68
2, 87480, Note_on_c, 0, 70, 68
2, 87840, Note_on_c, 0, 70, 0
2, 87840, Note_on_c, 0, 67, 0
2, 87840, Note_on_c, 0, 73, 0
2, 87840, Note_on_c, 0, 73, 69
2, 87840, Note_on_c, 0, 65, 61
2, 87840, Note_on_c, 0, 68, 61
2, 88200, Note_on_c, 0, 68, 0
2, 88200, Note_on_c, 0, 65, 0
2, 88200, Note_on_c, 0, 73, 0
2, 88200, Note_on_c, 0, 73, 64
2, 88200, Note_on_c, 0, 64, 63
2, 88200, Note_on_c, 0, 67, 63
2, 88830, Note_on_c, 0, 73, 0
2, 88830, Note_on_c, 0, 75, 66
2, 88875, Note_on_c, 0, 75, 0
2, 88875, Note_on_c, 0, 73, 60
2, 88920, Note_on_c, 0, 73, 0
2, 88920, Note_on_c, 0, 72, 59
2, 89100, Note_on_c, 0, 67, 0
2, 89100, Note_on_c, 0, 64, 0
2, 89190, Note_on_c, 0, 72, 0
2, 89190, Note_on_c, 0, 79, 81
2, 89280, Note_on_c, 0, 79, 0
2, 89280, Note_on_c, 0, 70, 58
2, 89280, Note_on_c, 0, 64, 58
2, 89280, Note_on_c, 0, 48, 59
2, 89550, Note_on_c, 0, 70, 0
2, 89550, Note_on_c, 0, 72, 70
2, 89640, Note_on_c, 0, 72, 0
2, 89640, Note_on_c, 0, 48, 0
2, 89640, Note_on_c, 0, 64, 0
2, 89640, Note_on_c, 0, 65, 61
2, 89640, Note_on_c, 0, 68, 61
2, 89640, Note_on_c, 0, 49, 71
2, 90000, Note_on_c, 0, 49, 0
2, 90000, Note_on_c, 0, 68, 0
2, 90000, Note_on_c, 0, 65, 0
2, 90000, Note_on_c, 0, 65, 63
2, 90000, Note_on_c, 0, 68, 63
2, 90000, Note_on_c, 0, 49, 64
2, 90360, Note_on_c, 0, 49, 0
2, 90360, Note_on_c, 0, 68, 0
2, 90360, Note_on_c, 0, 65, 0
2, 90360, Note_on_c, 0, 63, 63
2, 90360, Note_on_c, 0, 68, 63
2, 90360, Note_on_c, 0, 48, 60
2, 90720, Note_on_c, 0, 48, 0
2, 90720, Note_on_c, 0, 68, 0
2, 90720, Note_on_c, 0, 63, 0
2, 90720, Note_on_c, 0, 68, 75
2, 90720, Note_on_c, 0, 77, 75
2, 90720, Note_on_c, 0, 47, 65
2, 90990, Note_on_c, 0, 77, 0
2, 90990, Note_on_c, 0, 68, 0
2, 90990, Note_on_c, 0, 65, 51
2, 90990, Note_on_c, 0, 68, 51
2, 91080, Note_on_c, 0, 68, 0
2, 91080, Note_on_c, 0, 65, 0
2, 91080, Note_on_c, 0, 47, 0
2, 91080, Note_on_c, 0, 65, 59
2, 91080, Note_on_c, 0, 68, 59
2, 91080, Note_on_c, 0, 48, 62
2, 91440, Note_on_c, 0, 48, 0
2, 91440, Note_on_c, 0, 47, 64
2, 91800, Note_on_c, 0, 47, 0
2, 91800, Note_on_c, 0, 68, 0
2, 91800, Note_on_c, 0, 65, 0
2, 91800, Note_on_c, 0, 64, 63
2, 91800, Note_on_c, 0, 67, 63
2, 91800, Note_on_c, 0, 48, 67
2, 92160, Note_on_c, 0, 48, 0
2, 92160, Note_on_c, 0, 67, 0
2, 92160, Note_on_c, 0, 64, 0
2, 92160, Note_on_c, 0, 36, 62
2, 92520, Note_on_c, 0, 36, 0
2, 92520, Note_on_c, 0, 68, 60
2, 92520, Note_on_c, 0, 72, 60
2, 92520, Note_on_c, 0, 41, 69
2, 92880, Note_on_c, 0, 41, 0
2, 92880, Note_on_c, 0, 48, 75
2, 92880, Note_on_c, 0, 53, 75
2, 92880, Note_on_c, 0, 56, 75
2, 93060, Note_on_c, 0, 72, 0
2, 93060, Note_on_c, 0, 68, 0
2, 93060, Note_on_c, 0, 62, 55
2, 93060, Note_on_c, 0, 65, 55
2, 93240, Note_on_c, 0, 65, 0
2, 93240, Note_on_c, 0, 53, 0
2, 93240, Note_on_c, 0, 56, 0
2, 93240, Note_on_c, 0, 48, 0
2, 93240, Note_on_c, 0, 62, 0
2, 93240, Note_on_c, 0, 68, 71
2, 93240, Note_on_c, 0, 72, 71
2, 93240, Note_on_c, 0, 48, 74
2, 93240, Note_on_c, 0, 53, 74
2, 93240, Note_on_c, 0, 56, 74
2, 93240, Note_on_c, 0, 60, 74
2, 93600, Note_on_c, 0, 60, 0
2, 93600, Note_on_c, 0, 53, 0
2, 93600, Note_on_c, 0, 48, 0
2, 93600, Note_on_c, 0, 56, 0
2, 93600, Note_on_c, 0, 41, 60
2, 93960, Note_on_c, 0, 41, 0
2, 93960, Note_on_c, 0, 48, 74
2, 93960, Note_on_c, 0, 53, 74
2, 93960, Note_on_c, 0, 56, 74
2, 94140, Note_on_c, 0, 68, 0
2, 94140, Note_on_c, 0, 72, 0
2, 94140, Note_on_c, 0, 62, 54
2, 94140, Note_on_c, 0, 65, 54
2, 94320, Note_on_c, 0, 65, 0
2, 94320, Note_on_c, 0, 53, 0
2, 94320, Note_on_c, 0, 56, 0
2, 94320, Note_on_c, 0, 48, 0
2, 94320, Note_on_c, 0, 62, 0
2, 94320, Note_on_c, 0, 68, 73
2, 94320, Note_on_c, 0, 72, 73
2, 94320, Note_on_c, 0, 48, 71
2, 94320, Note_on_c, 0, 53, 71
2, 94320, Note_on_c, 0, 56, 71
2, 94320, Note_on_c, 0, 60, 71
2, 94680, Note_on_c, 0, 60, 0
2, 94680, Note_on_c, 0, 53, 0
2, 94680, Note_on_c, 0, 48, 0
2, 94680, Note_on_c, 0, 56, 0
2, 94680, Note_on_c, 0, 41, 57
2, 94860, Note_on_c, 0, 68, 0
2, 94860, Note_on_c, 0, 72, 0
2, 94860, Note_on_c, 0, 61, 52
2, 94860, Note_on_c, 0, 65, 52
2, 95040, Note_on_c, 0, 65, 0
2, 95040, Note_on_c, 0, 61, 0
2, 95040, Note_on_c, 0, 41, 0
2, 95040, Note_on_c, 0, 67, 77
2, 95040, Note_on_c, 0, 70, 77
2, 95040, Note_on_c, 0, 49, 70
2, 95040, Note_on_c, 0, 55, 70
2, 95040, Note_on_c, 0, 58, 70
2, 95220, Note_on_c, 0, 70, 0
2, 95220, Note_on_c, 0, 67, 0
2, 95220, Note_on_c, 0, 61, 57
2, 95220, Note_on_c, 0, 65, 57
2, 95400, Note_on_c, 0, 65, 0
2, 95400, Note_on_c, 0, 55, 0
2, 95400, Note_on_c, 0, 58, 0
2, 95400, Note_on_c, 0, 49, 0
2, 95400, Note_on_c, 0, 61, 0
2, 95400, Note_on_c, 0, 70, 87
2, 95400, Note_on_c, 0, 73, 87
2, 95400, Note_on_c, 0, 49, 68
2, 95400, Note_on_c, 0, 55, 68
2, 95400, Note_on_c, 0, 58, 68
2, 95580, Note_on_c, 0, 73, 0
2, 95580, Note_on_c, 0, 70, 0
2, 95580, Note_on_c, 0, 64, 61
2, 95580, Note_on_c, 0, 67, 61
2, 95760, Note_on_c, 0, 67, 0
2, 95760, Note_on_c, 0, 55, 0
2, 95760, Note_on_c, 0, 58, 0
2, 95760, Note_on_c, 0, 49, 0
2, 95760, Note_on_c, 0, 64, 0
2, 95760, Note_on_c, 0, 68, 78
2, 95760, Note_on_c, 0, 72, 78
2, 95760, Note_on_c, 0, 41, 61
2, 96120, Note_on_c, 0, 41, 0
2, 96120, Note_on_c, 0, 48, 70
2, 96120, Note_on_c, 0, 53, 70
2, 96120, Note_on_c, 0, 56, 70
2, 96300, Note_on_c, 0, 72, 0
2, 96300, Note_on_c, 0, 68, 0
2, 96300, Note_on_c, 0, 59, 52
2, 96300, Note_on_c, 0, 62, 52
2, 96480, Note_on_c, 0, 62, 0
2, 96480, Note_on_c, 0, 53, 0
2, 96480, Note_on_c, 0, 56, 0
2, 96480, Note_on_c, 0, 48, 0
2, 96480, Note_on_c, 0, 59, 0
2, 96480, Note_on_c, 0, 65, 75
2, 96480, Note_on_c, 0, 68, 75
2, 96480, Note_on_c, 0, 48, 66
2, 96480, Note_on_c, 0, 53, 66
2, 96480, Note_on_c, 0, 56, 66
2, 96840, Note_on_c, 0, 56, 0
2, 96840, Note_on_c, 0, 48, 0
2, 96840, Note_on_c, 0, 53, 0
2, 96840, Note_on_c, 0, 41, 53
2, 97200, Note_on_c, 0, 41, 0
2, 97200, Note_on_c, 0, 48, 72
2, 97200, Note_on_c, 0, 53, 72
2, 97200, Note_on_c, 0, 56, 72
2, 97380, Note_on_c, 0, 68, 0
2, 97380, Note_on_c, 0, 65, 0
2, 97380, Note_on_c, 0, 59, 56
2, 97380, Note_on_c, 0, 62, 56
2, 97560, Note_on_c, 0, 62, 0
2, 97560, Note_on_c, 0, 53, 0
2, 97560, Note_on_c, 0, 56, 0
2, 97560, Note_on_c, 0, 48, 0
2, 97560, Note_on_c, 0, 59, 0
2, 97560, Note_on_c, 0, 65, 79
2, 97560, Note_on_c, 0, 68, 79
2, 97560, Note_on_c, 0, 48, 67
2, 97560, Note_on_c, 0, 53, 67
2, 97560, Note_on_c, 0, 56, 67
2, 97920, Note_on_c, 0, 56, 0
2, 97920, Note_on_c, 0, 48, 0
2, 97920, Note_on_c, 0, 53, 0
2, 97920, Note_on_c, 0, 41, 60
2, 98100, Note_on_c, 0, 68, 0
2, 98100, Note_on_c, 0, 65, 0
2, 98100, Note_on_c, 0, 59, 62
2, 98100, Note_on_c, 0, 62, 62
2, 98280, Note_on_c, 0, 62, 0
2, 98280, Note_on_c, 0, 59, 0
2, 98280, Note_on_c, 0, 41, 0
2, 98280, Note_on_c, 0, 64, 73
2, 98280, Note_on_c, 0, 67, 73
2, 98280, Note_on_c, 0, 49, 68
2, 98280, Note_on_c, 0, 55, 68
2, 98280, Note_on_c, 0, 58, 68
2, 98460, Note_on_c, 0, 67, 0
2, 98460, Note_on_c, 0, 64, 0
2, 98460, Note_on_c, 0, 58, 54
2, 98460, Note_on_c, 0, 61, 54
2, 98640, Note_on_c, 0, 61, 0
2, 98640, Note_on_c, 0, 55, 0
2, 98640, Note_on_c, 0, 58, 0
2, 98640, Note_on_c, 0, 49, 0
2, 98640, Note_on_c, 0, 58, 0
2, 98640, Note_on_c, 0, 67, 81
2, 98640, Note_on_c, 0, 70, 81
2, 98640, Note_on_c, 0, 49, 67
2, 98640, Note_on_c, 0, 55, 67
2, 98640, Note_on_c, 0, 58, 67
2, 98820, Note_on_c, 0, 70, 0
2, 98820, Note_on_c, 0, 67, 0
2, 98820, Note_on_c, 0, 58, 52
2, 98820, Note_on_c, 0, 61, 52
2, 99000, Note_on_c, 0, 61, 0
2, 99000, Note_on_c, 0, 55, 0
2, 99000, Note_on_c, 0, 58, 0
2, 99000, Note_on_c, 0, 49, 0
2, 99000, Note_on_c, 0, 58, 0
2, 99000, Note_on_c, 0, 65, 71
2, 99000, Note_on_c, 0, 68, 71
2, 99000, Note_on_c, 0, 41, 56
2, 99360, Note_on_c, 0, 41, 0
2, 99360, Note_on_c, 0, 48, 70
2, 99360, Note_on_c, 0, 53, 70
2, 99360, Note_on_c, 0, 56, 70
2, 99540, Note_on_c, 0, 68, 0
2, 99540, Note_on_c, 0, 65, 0
2, 99540, Note_on_c, 0, 56, 51
2, 99540, Note_on_c, 0, 60, 51
2, 99720, Note_on_c, 0, 60, 0
2, 99720, Note_on_c, 0, 53, 0
2, 99720, Note_on_c, 0, 56, 0
2, 99720, Note_on_c, 0, 48, 0
2, 99720, Note_on_c, 0, 56, 0
2, 99720, Note_on_c, 0, 65, 70
2, 99720, Note_on_c, 0, 68, 70
2, 99720, Note_on_c, 0, 48, 67
2, 99720, Note_on_c, 0, 53, 67
2, 99720, Note_on_c, 0, 56, 67
2, 100080, Note_on_c, 0, 56, 0
2, 100080, Note_on_c, 0, 48, 0
2, 100080, Note_on_c, 0, 53, 0
2, 100080, Note_on_c, 0, 41, 60
2, 100350, Note_on_c, 0, 68, 0
2, 100350, Note_on_c, 0, 65, 0
2, 100350, Note_on_c, 0, 56, 54
2, 100350, Note_on_c, 0, 60, 54
2, 100440, Note_on_c, 0, 60, 0
2, 100440, Note_on_c, 0, 56, 0
2, 100440, Note_on_c, 0, 41, 0
2, 100440, Note_on_c, 0, 65, 73
2, 100440, Note_on_c, 0, 68, 73
2, 100440, Note_on_c, 0, 48, 69
2, 100440, Note_on_c, 0, 50, 69
2, 100440, Note_on_c, 0, 56, 69
2, 100800, Note_on_c, 0, 56, 0
2, 100800, Note_on_c, 0, 48, 0
2, 100800, Note_on_c, 0, 50, 0
2, 100800, Note_on_c, 0, 48, 67
2, 100800, Note_on_c, 0, 50, 67
2, 100800, Note_on_c, 0, 56, 67
2, 101160, Note_on_c, 0, 56, 0
2, 101160, Note_on_c, 0, 48, 0
2, 101160, Note_on_c, 0, 65, 0
2, 101160, Note_on_c, 0, 68, 0
2, 101160, Note_on_c, 0, 50, 0
2, 101160, Note_on_c, 0, 67, 102
2, 101160, Note_on_c, 0, 43, 100
2, 101160, Note_on_c, 0, 55, 100
2, 101430, Note_on_c, 0, 67, 0
2, 101430, Note_on_c, 0, 67, 107
2, 101520, Note_on_c, 0, 67, 0
2, 101520, Note_on_c, 0, 55, 0
2, 101520, Note_on_c, 0, 43, 0
2, 101520, Note_on_c, 0, 67, 108
2, 101700, Note_on_c, 0, 67, 0
2, 101700, Note_on_c, 0, 67, 106
2, 101880, Note_on_c, 0, 67, 0
2, 101880, Note_on_c, 0, 62, 82
2, 101880, Note_on_c, 0, 55, 94
2, 102060, Note_on_c, 0, 55, 0
2, 102060, Note_on_c, 0, 62, 0
2, 102060, Note_on_c, 0, 65, 108
2, 102060, Note_on_c, 0, 62, 117
2, 102240, Note_on_c, 0, 62, 0
2, 102240, Note_on_c, 0, 65, 0
2, 102240, Note_on_c, 0, 63, 101
2, 102240, Note_on_c, 0, 60, 102
2, 102420, Note_on_c, 0, 60, 0
2, 102420, Note_on_c, 0, 63, 0
2, 102420, Note_on_c, 0, 62, 100
2, 102479, Note_on_c, 0, 62, 0
2, 102479, Note_on_c, 0, 63, 105
2, 102540, Note_on_c, 0, 63, 0
2, 102540, Note_on_c, 0, 65, 106
2, 102600, Note_on_c, 0, 65, 0
2, 102600, Note_on_c, 0, 67, 109
2, 102600, Note_on_c, 0, 43, 89
2, 102600, Note_on_c, 0, 55, 89
2, 102780, Note_on_c, 0, 55, 0
2, 102780, Note_on_c, 0, 43, 0
2, 102870, Note_on_c, 0, 67, 0
2, 102870, Note_on_c, 0, 67, 103
2, 102960, Note_on_c, 0, 67, 0
2, 102960, Note_on_c, 0, 67, 109
2, 103140, Note_on_c, 0, 67, 0
2, 103140, Note_on_c, 0, 67, 99
2, 103320, Note_on_c, 0, 67, 0
2, 103320, Note_on_c, 0, 62, 90
2, 103320, Note_on_c, 0, 55, 97
2, 103500, Note_on_c, 0, 55, 0
2, 103500, Note_on_c, 0, 62, 0
2, 103500, Note_on_c, 0, 65, 108
2, 103500, Note_on_c, 0, 62, 112
2, 103680, Note_on_c, 0, 62, 0
2, 103680, Note_on_c, 0, 65, 0
2, 103680, Note_on_c, 0, 63, 97
2, 103680, Note_on_c, 0, 60, 102
2, 104040, Note_on_c, 0, 60, 0
2, 104040, Note_on_c, 0, 63, 0
2, 104040, Note_on_c, 0, 58, 99
2, 104040, Note_on_c, 0, 62, 99
2, 104040, Note_on_c, 0, 31, 90
2, 104040, Note_on_c, 0, 43, 90
2, 104220, Note_on_c, 0, 43, 0
2, 104220, Note_on_c, 0, 58, 0
2, 104220, Note_on_c, 0, 62, 0
2, 104220, Note_on_c, 0, 31, 0
2, 104220, Note_on_c, 0, 58, 102
2, 104220, Note_on_c, 0, 62, 102
2, 104220, Note_on_c, 0, 50, 108
2, 104310, Note_on_c, 0, 62, 0
2, 104310, Note_on_c, 0, 58, 0
2, 104310, Note_on_c, 0, 58, 100
2, 104310, Note_on_c, 0, 62, 100
2, 104400, Note_on_c, 0, 62, 0
2, 104400, Note_on_c, 0, 58, 0
2, 104400, Note_on_c, 0, 50, 0
2, 104400, Note_on_c, 0, 57, 91
2, 104400, Note_on_c, 0, 51, 105
2, 104580, Note_on_c, 0, 51, 0
2, 104580, Note_on_c, 0, 57, 0
2, 104580, Note_on_c, 0, 58, 117
2, 104580, Note_on_c, 0, 62, 117
2, 104580, Note_on_c, 0, 43, 89
2, 104760, Note_on_c, 0, 43, 0
2, 104760, Note_on_c, 0, 62, 0
2, 104760, Note_on_c, 0, 58, 0
2, 104760, Note_on_c, 0, 55, 94
2, 104760, Note_on_c, 0, 52, 105
2, 104940, Note_on_c, 0, 52, 0
2, 104940, Note_on_c, 0, 55, 0
2, 104940, Note_on_c, 0, 58, 123
2, 104940, Note_on_c, 0, 62, 123
2, 104940, Note_on_c, 0, 43, 92
2, 105120, Note_on_c, 0, 43, 0
2, 105120, Note_on_c, 0, 62, 0
2, 105120, Note_on_c, 0, 58, 0
2, 105120, Note_on_c, 0, 60, 105
2, 105120, Note_on_c, 0, 63, 105
2, 105120, Note_on_c, 0, 51, 110
2, 105210, Note_on_c, 0, 63, 0
2, 105210, Note_on_c, 0, 60, 0
2, 105210, Note_on_c, 0, 58, 101
2, 105300, Note_on_c, 0, 58, 0
2, 105300, Note_on_c, 0, 51, 0
2, 105300, Note_on_c, 0, 57, 97
2, 105300, Note_on_c, 0, 43, 97
2, 105390, Note_on_c, 0, 57, 0
2, 105390, Note_on_c, 0, 55, 99
2, 105480, Note_on_c, 0, 55, 0
2, 105480, Note_on_c, 0, 43, 0
2, 105480, Note_on_c, 0, 58, 120
2, 105480, Note_on_c, 0, 62, 120
2, 105480, Note_on_c, 0, 50, 104
2, 105660, Note_on_c, 0, 50, 0
2, 105660, Note_on_c, 0, 62, 0
2, 105660, Note_on_c, 0, 58, 0
2, 105660, Note_on_c, 0, 58, 105
2, 105660, Note_on_c, 0, 62, 105
2, 105660, Note_on_c, 0, 43, 97
2, 105750, Note_on_c, 0, 62, 0
2, 105750, Note_on_c, 0, 58, 0
2, 105750, Note_on_c, 0, 58, 105
2, 105750, Note_on_c, 0, 62, 105
2, 105840, Note_on_c, 0, 62, 0
2, 105840, Note_on_c, 0, 58, 0
2, 105840, Note_on_c, 0, 43, 0
2, 105840, Note_on_c, 0, 62, 117
2, 105840, Note_on_c, 0, 70, 117
2, 105840, Note_on_c, 0, 52, 112
2, 106020, Note_on_c, 0, 52, 0
2, 106020, Note_on_c, 0, 70, 0
2, 106020, Note_on_c, 0, 62, 0
2, 106020, Note_on_c, 0, 60, 101
2, 106020, Note_on_c, 0, 69, 101
2, 106020, Note_on_c, 0, 54, 111
2, 106200, Note_on_c, 0, 54, 0
2, 106200, Note_on_c, 0, 69, 0
2, 106200, Note_on_c, 0, 60, 0
2, 106200, Note_on_c, 0, 60, 104
2, 106200, Note_on_c, 0, 69, 104
2, 106200, Note_on_c, 0, 50, 95
2, 106380, Note_on_c, 0, 50, 0
2, 106380, Note_on_c, 0, 69, 0
2, 106380, Note_on_c, 0, 60, 0
2, 106380, Note_on_c, 0, 58, 93
2, 106380, Note_on_c, 0, 67, 93
2, 106380, Note_on_c, 0, 43, 97
2, 106560, Note_on_c, 0, 43, 0
2, 106560, Note_on_c, 0, 67, 0
2, 106560, Note_on_c, 0, 58, 0
2, 106560, Note_on_c, 0, 58, 86
2, 106560, Note_on_c, 0, 62, 86
2, 106560, Note_on_c, 0, 55, 110
2, 106740, Note_on_c, 0, 55, 0
2, 106740, Note_on_c, 0, 54, 98
2, 106830, Note_on_c, 0, 62, 0
2, 106830, Note_on_c, 0, 58, 0
2, 106830, Note_on_c, 0, 64, 101
2, 106920, Note_on_c, 0, 64, 0
2, 106920, Note_on_c, 0, 54, 0
2, 106920, Note_on_c, 0, 61, 102
2, 106920, Note_on_c, 0, 65, 102
2, 106920, Note_on_c, 0, 53, 100
2, 107100, Note_on_c, 0, 53, 0
2, 107100, Note_on_c, 0, 65, 0
2, 107100, Note_on_c, 0, 61, 0
2, 107100, Note_on_c, 0, 61, 104
2, 107100, Note_on_c, 0, 65, 104
2, 107100, Note_on_c, 0, 46, 94
2, 107190, Note_on_c, 0, 65, 0
2, 107190, Note_on_c, 0, 61, 0
2, 107190, Note_on_c, 0, 61, 103
2, 107190, Note_on_c, 0, 65, 103
2, 107280, Note_on_c, 0, 65, 0
2, 107280, Note_on_c, 0, 61, 0
2, 107280, Note_on_c, 0, 46, 0
2, 107280, Note_on_c, 0, 58, 105
2, 107280, Note_on_c, 0, 66, 105
2, 107280, Note_on_c, 0, 51, 106
2, 107460, Note_on_c, 0, 51, 0
2, 107460, Note_on_c, 0, 66, 0
2, 107460, Note_on_c, 0, 58, 0
2, 107460, Note_on_c, 0, 58, 111
2, 107460, Note_on_c, 0, 67, 111
2, 107460, Note_on_c, 0, 49, 98
2, 107640, Note_on_c, 0, 49, 0
2, 107640, Note_on_c, 0, 67, 0
2, 107640, Note_on_c, 0, 58, 0
2, 107640, Note_on_c, 0, 70, 112
2, 107640, Note_on_c, 0, 48, 98
2, 107730, Note_on_c, 0, 70, 0
2, 107730, Note_on_c, 0, 68, 95
2, 107820, Note_on_c, 0, 68, 0
2, 107820, Note_on_c, 0, 48, 0
2, 107820, Note_on_c, 0, 63, 89
2, 107820, Note_on_c, 0, 56, 111
2, 108000, Note_on_c, 0, 56, 0
2, 108000, Note_on_c, 0, 63, 0
2, 108000, Note_on_c, 0, 64, 100
2, 108000, Note_on_c, 0, 48, 95
2, 108180, Note_on_c, 0, 48, 0
2, 108180, Note_on_c, 0, 64, 0
2, 108180, Note_on_c, 0, 65, 106
2, 108180, Note_on_c, 0, 47, 98
2, 108360, Note_on_c, 0, 47, 0
2, 108360, Note_on_c, 0, 65, 0
2, 108360, Note_on_c, 0, 68, 110
2, 108360, Note_on_c, 0, 46, 100
2, 108450, Note_on_c, 0, 68, 0
2, 108450, Note_on_c, 0, 66, 97
2, 108540, Note_on_c, 0, 66, 0
2, 108540, Note_on_c, 0, 46, 0
2, 108540, Note_on_c, 0, 61, 91
2, 108540, Note_on_c, 0, 42, 98
2, 108630, Note_on_c, 0, 61, 0
2, 108630, Note_on_c, 0, 63, 108
2, 108720, Note_on_c, 0, 63, 0
2, 108720, Note_on_c, 0, 42, 0
2, 108720, Note_on_c, 0, 58, 113
2, 108720, Note_on_c, 0, 61, 113
2, 108720, Note_on_c, 0, 65, 113
2, 108720, Note_on_c, 0, 41, 102
2, 108900, Note_on_c, 0, 41, 0
2, 108900, Note_on_c, 0, 58, 0
2, 108900, Note_on_c, 0, 61, 0
2, 108900, Note_on_c, 0, 65, 0
2, 108900, Note_on_c, 0, 57, 103
2, 108900, Note_on_c, 0, 60, 103
2, 108900, Note_on_c, 0, 65, 103
2, 108900, Note_on_c, 0, 41, 98
2, 109080, Note_on_c, 0, 41, 0
2, 109080, Note_on_c, 0, 57, 0
2, 109080, Note_on_c, 0, 60, 0
2, 109080, Note_on_c, 0, 65, 0
2, 109080, Note_on_c, 0, 58, 95
2, 109080, Note_on_c, 0, 34, 107
2, 109080, Note_on_c, 0, 46, 107
2, 109980, Note_on_c, 0, 46, 0
2, 109980, Note_on_c, 0, 34, 0
2, 110070, Note_on_c, 0, 58, 0
2, 110070, Note_on_c, 0, 85, 84
2, 110160, Note_on_c, 0, 85, 0
2, 110160, Note_on_c, 0, 81, 57
2, 110430, Note_on_c, 0, 81, 0
2, 110430, Note_on_c, 0, 82, 64
2, 110520, Note_on_c, 0, 82, 0
2, 110520, Note_on_c, 0, 76, 60
2, 110790, Note_on_c, 0, 76, 0
2, 110790, Note_on_c, 0, 77, 68
2, 110880, Note_on_c, 0, 77, 0
2, 110880, Note_on_c, 0, 78, 71
2, 110880, Note_on_c, 0, 70, 60
2, 110880, Note_on_c, 0, 73, 60
2, 111150, Note_on_c, 0, 78, 0
2, 111150, Note_on_c, 0, 80, 71
2, 111240, Note_on_c, 0, 80, 0
2, 111240, Note_on_c, 0, 73, 0
2, 111240, Note_on_c, 0, 70, 0
2, 111240, Note_on_c, 0, 78, 64
2, 111240, Note_on_c, 0, 71, 68
2, 111240, Note_on_c, 0, 75, 68
2, 111600, Note_on_c, 0, 75, 0
2, 111600, Note_on_c, 0, 71, 0
2, 111600, Note_on_c, 0, 78, 0
2, 111600, Note_on_c, 0, 78, 69
2, 111600, Note_on_c, 0, 70, 63
2, 111600, Note_on_c, 0, 73, 63
2, 111960, Note_on_c, 0, 73, 0
2, 111960, Note_on_c, 0, 70, 0
2, 111960, Note_on_c, 0, 78, 0
2, 111960, Note_on_c, 0, 78, 65
2, 111960, Note_on_c, 0, 69, 59
2, 111960, Note_on_c, 0, 72, 59
2, 112590, Note_on_c, 0, 78, 0
2, 112590, Note_on_c, 0, 80, 66
2, 112635, Note_on_c, 0, 80, 0
2, 112635, Note_on_c, 0, 78, 60
2, 112680, Note_on_c, 0, 78, 0
2, 112680, Note_on_c, 0, 77, 64
2, 112860, Note_on_c, 0, 72, 0
2, 112860, Note_on_c, 0, 69, 0
2, 113220, Note_on_c, 0, 77, 0
2, 113310, Note_on_c, 0, 75, 55
2, 113310, Note_on_c, 0, 65, 76
2, 113310, Note_on_c, 0, 72, 76
2, 113310, Note_on_c, 0, 45, 56
2, 113310, Note_on_c, 0, 57, 56
2, 113400, Note_on_c, 0, 57, 0
2, 113400, Note_on_c, 0, 72, 0
2, 113400, Note_on_c, 0, 75, 0
2, 113400, Note_on_c, 0, 65, 0
2, 113400, Note_on_c, 0, 45, 0
2, 113400, Note_on_c, 0, 75, 65
2, 113400, Note_on_c, 0, 65, 65
2, 113400, Note_on_c, 0, 70, 65
2, 113400, Note_on_c, 0, 46, 65
2, 113580, Note_on_c, 0, 75, 0
2, 113580, Note_on_c, 0, 77, 69
2, 113670, Note_on_c, 0, 77, 0
2, 113670, Note_on_c, 0, 75, 70
2, 113760, Note_on_c, 0, 75, 0
2, 113760, Note_on_c, 0, 73, 72
2, 113940, Note_on_c, 0, 73, 0
2, 113940, Note_on_c, 0, 46, 0
2, 113940, Note_on_c, 0, 70, 0
2, 113940, Note_on_c, 0, 65, 0
2, 114030, Note_on_c, 0, 72, 77
2, 114030, Note_on_c, 0, 65, 77
2, 114030, Note_on_c, 0, 68, 77
2, 114030, Note_on_c, 0, 48, 77
2, 114120, Note_on_c, 0, 48, 0
2, 114120, Note_on_c, 0, 72, 0
2, 114120, Note_on_c, 0, 65, 0
2, 114120, Note_on_c, 0, 68, 0
2, 114120, Note_on_c, 0, 72, 78
2, 114120, Note_on_c, 0, 65, 78
2, 114120, Note_on_c, 0, 68, 78
2, 114120, Note_on_c, 0, 49, 78
2, 114300, Note_on_c, 0, 72, 0
2, 114300, Note_on_c, 0, 73, 81
2, 114390, Note_on_c, 0, 73, 0
2, 114390, Note_on_c, 0, 72, 83
2, 114480, Note_on_c, 0, 72, 0
2, 114480, Note_on_c, 0, 70, 84
2, 114660, Note_on_c, 0, 49, 0
2, 114660, Note_on_c, 0, 37, 88
2, 114795, Note_on_c, 0, 65, 0
2, 114795, Note_on_c, 0, 70, 0
2, 114795, Note_on_c, 0, 68, 0
2, 114795, Note_on_c, 0, 77, 90
2, 114795, Note_on_c, 0, 65, 90
2, 114795, Note_on_c, 0, 68, 90
2, 114795, Note_on_c, 0, 70, 90
2, 114840, Note_on_c, 0, 70, 0
2, 114840, Note_on_c, 0, 65, 0
2, 114840, Note_on_c, 0, 37, 0
2, 114840, Note_on_c, 0, 77, 0
2, 114840, Note_on_c, 0, 68, 0
2, 114840, Note_on_c, 0, 72, 91
2, 114840, Note_on_c, 0, 65, 91
2, 114840, Note_on_c, 0, 68, 91
2, 114840, Note_on_c, 0, 48, 91
2, 115200, Note_on_c, 0, 48, 0
2, 115200, Note_on_c, 0, 72, 0
2, 115200, Note_on_c, 0, 65, 0
2, 115200, Note_on_c, 0, 68, 0
2, 115560, Note_on_c, 0, 55, 76
2, 115560, Note_on_c, 0, 58, 76
2, 115560, Note_on_c, 0, 64, 76
2, 115560, Note_on_c, 0, 48, 80
2, 115920, Note_on_c, 0, 48, 0
2, 115920, Note_on_c, 0, 55, 0
2, 115920, Note_on_c, 0, 58, 0
2, 115920, Note_on_c, 0, 64, 0
2, 116280, Note_on_c, 0, 56, 82
2, 116280, Note_on_c, 0, 60, 82
2, 116280, Note_on_c, 0, 65, 82
2, 116280, Note_on_c, 0, 41, 80
2, 116280, Note_on_c, 0, 53, 80
2, 117720, Note_on_c, 0, 53, 0
2, 117720, Note_on_c, 0, 65, 0
2, 117720, Note_on_c, 0, 56, 0
2, 117720, Note_on_c, 0, 60, 0
2, 117720, Note_on_c, 0, 41, 0
2, 117720, End_track
0, 0, End_of_file
